-4.9921875 -4.9921875 6.21332704946882E-08
-4.9765625 -4.9921875 6.41093412338938E-08
-4.9609375 -4.9921875 6.61466459060821E-08
-4.9453125 -4.9921875 6.8247029080175E-08
-4.9296875 -4.9921875 7.04123892026688E-08
-4.9140625 -4.9921875 7.26446801194209E-08
-4.8984375 -4.9921875 7.4945912638886E-08
-4.8828125 -4.9921875 7.73181561378927E-08
-4.8671875 -4.9921875 7.97635402110727E-08
-4.8515625 -4.9921875 8.22842563650907E-08
-4.8359375 -4.9921875 8.48825597588355E-08
-4.8203125 -4.9921875 8.75607709907777E-08
-4.8046875 -4.9921875 9.03212779347308E-08
-4.7890625 -4.9921875 9.31665376252631E-08
-4.7734375 -4.9921875 9.60990781940638E-08
-4.7578125 -4.9921875 9.91215008585887E-08
-4.7421875 -4.9921875 1.02236481964333E-07
-4.7265625 -4.9921875 1.05446775082138E-07
-4.7109375 -4.9921875 1.08755213161951E-07
-4.6953125 -4.9921875 1.12164710744498E-07
-4.6796875 -4.9921875 1.15678266232379E-07
-4.6640625 -4.9921875 1.19298964222109E-07
-4.6484375 -4.9921875 1.23029977898697E-07
-4.6328125 -4.9921875 1.26874571494358E-07
-4.6171875 -4.9921875 1.30836102813025E-07
-4.6015625 -4.9921875 1.34918025822356E-07
-4.5859375 -4.9921875 1.39123893314969E-07
-4.5703125 -4.9921875 1.43457359640682E-07
-4.5546875 -4.9921875 1.479221835116E-07
-4.5390625 -4.9921875 1.52522230881896E-07
-4.5234375 -4.9921875 1.57261477904219E-07
-4.5078125 -4.9921875 1.62144014705263E-07
-4.4921875 -4.9921875 1.67174045556485E-07
-4.4765625 -4.9921875 1.7235589646391E-07
-4.4609375 -4.9921875 1.77694015540384E-07
-4.4453125 -4.9921875 1.83192977099058E-07
-4.4296875 -4.9921875 1.88857485112515E-07
-4.4140625 -4.9921875 1.94692376763319E-07
-4.3984375 -4.9921875 2.00702626088323E-07
-4.3828125 -4.9921875 2.06893347719143E-07
-4.3671875 -4.9921875 2.13269800721202E-07
-4.3515625 -4.9921875 2.19837392533887E-07
-4.3359375 -4.9921875 2.2660168301436E-07
-4.3203125 -4.9921875 2.33568388587676E-07
-4.3046875 -4.9921875 2.40743386505885E-07
-4.2890625 -4.9921875 2.4813271921889E-07
-4.2734375 -4.9921875 2.55742598859876E-07
-4.2578125 -4.9921875 2.63579411848228E-07
-4.2421875 -4.9921875 2.71649723612895E-07
-4.2265625 -4.9921875 2.79960283439232E-07
-4.2109375 -4.9921875 2.88518029442461E-07
-4.1953125 -4.9921875 2.97330093670919E-07
-4.1796875 -4.9921875 3.06403807342387E-07
-4.1640625 -4.9921875 3.15746706216814E-07
-4.1484375 -4.9921875 3.25366536108921E-07
-4.1328125 -4.9921875 3.35271258544141E-07
-4.1171875 -4.9921875 3.45469056561557E-07
-4.1015625 -4.9921875 3.55968340667473E-07
-4.0859375 -4.9921875 3.66777754943439E-07
-4.0703125 -4.9921875 3.77906183312571E-07
-4.0546875 -4.9921875 3.89362755968157E-07
-4.0390625 -4.9921875 4.01156855968602E-07
-4.0234375 -4.9921875 4.13298126002863E-07
-4.0078125 -4.9921875 4.2579647533066E-07
-3.9921875 -4.9921875 4.38662086901794E-07
-3.9765625 -4.9921875 4.519054246591E-07
-3.9609375 -4.9921875 4.65537241029547E-07
-3.9453125 -4.9921875 4.79568584608255E-07
-3.9296875 -4.9921875 4.94010808040149E-07
-3.9140625 -4.9921875 5.08875576104268E-07
-3.8984375 -4.9921875 5.24174874005705E-07
-3.8828125 -4.9921875 5.3992101588035E-07
-3.8671875 -4.9921875 5.56126653517758E-07
-3.8515625 -4.9921875 5.72804785307566E-07
-3.8359375 -4.9921875 5.89968765414955E-07
-3.8203125 -4.9921875 6.07632313190883E-07
-3.8046875 -4.9921875 6.25809522822952E-07
-3.7890625 -4.9921875 6.44514873232774E-07
-3.7734375 -4.9921875 6.6376323822604E-07
-3.7578125 -4.9921875 6.83569896901521E-07
-3.7421875 -4.9921875 7.03950544325363E-07
-3.7265625 -4.9921875 7.2492130247733E-07
-3.7109375 -4.9921875 7.46498731475655E-07
-3.6953125 -4.9921875 7.686998410874E-07
-3.6796875 -4.9921875 7.91542102531398E-07
-3.6640625 -4.9921875 8.15043460580956E-07
-3.6484375 -4.9921875 8.39222345973835E-07
-3.6328125 -4.9921875 8.64097688136899E-07
-3.6171875 -4.9921875 8.89688928233399E-07
-3.6015625 -4.9921875 9.16016032540684E-07
-3.5859375 -4.9921875 9.4309950616661E-07
-3.5703125 -4.9921875 9.7096040711287E-07
-3.5546875 -4.9921875 9.99620360693914E-07
-3.5390625 -4.9921875 1.02910157432009E-06
-3.5234375 -4.9921875 1.05942685265405E-06
-3.5078125 -4.9921875 1.09061961813089E-06
-3.4921875 -4.9921875 1.12270390707294E-06
-3.4765625 -4.9921875 1.15570441558398E-06
-3.4609375 -4.9921875 1.18964649669106E-06
-3.4453125 -4.9921875 1.2245561823835E-06
-3.4296875 -4.9921875 1.26046020120965E-06
-3.4140625 -4.9921875 1.2973859963159E-06
-3.3984375 -4.9921875 1.33536174393898E-06
-3.3828125 -4.9921875 1.3744163723627E-06
-3.3671875 -4.9921875 1.41457958135036E-06
-3.3515625 -4.9921875 1.45588186206468E-06
-3.3359375 -4.9921875 1.49835451748699E-06
-3.3203125 -4.9921875 1.54202968334822E-06
-3.3046875 -4.9921875 1.58694034958393E-06
-3.2890625 -4.9921875 1.63312038232642E-06
-3.2734375 -4.9921875 1.68060454644703E-06
-3.2578125 -4.9921875 1.72942852866201E-06
-3.2421875 -4.9921875 1.77962896121604E-06
-3.2265625 -4.9921875 1.83124344615712E-06
-3.2109375 -4.9921875 1.88431058021778E-06
-3.1953125 -4.9921875 1.93886998031708E-06
-3.1796875 -4.9921875 1.99496230969883E-06
-3.1640625 -4.9921875 2.0526293047215E-06
-3.1484375 -4.9921875 2.1119138023158E-06
-3.1328125 -4.9921875 2.17285976812627E-06
-3.1171875 -4.9921875 2.23551232535364E-06
-3.1015625 -4.9921875 2.29991778431509E-06
-3.0859375 -4.9921875 2.36612367273996E-06
-3.0703125 -4.9921875 2.43417876681897E-06
-3.0546875 -4.9921875 2.5041331230253E-06
-3.0390625 -4.9921875 2.57603811072655E-06
-3.0234375 -4.9921875 2.64994644560679E-06
-3.0078125 -4.9921875 2.72591222391867E-06
-2.9921875 -4.9921875 2.80399095758562E-06
-2.9765625 -4.9921875 2.88423961017552E-06
-2.9609375 -4.9921875 2.96671663376638E-06
-2.9453125 -4.9921875 3.05148200672667E-06
-2.9296875 -4.9921875 3.13859727243198E-06
-2.9140625 -4.9921875 3.22812557894148E-06
-2.8984375 -4.9921875 3.32013171965745E-06
-2.8828125 -4.9921875 3.41468217499179E-06
-2.8671875 -4.9921875 3.51184515506444E-06
-2.8515625 -4.9921875 3.61169064345904E-06
-2.8359375 -4.9921875 3.71429044206134E-06
-2.8203125 -4.9921875 3.81971821700715E-06
-2.8046875 -4.9921875 3.92804954576721E-06
-2.7890625 -4.9921875 4.0393619653964E-06
-2.7734375 -4.9921875 4.15373502197608E-06
-2.7578125 -4.9921875 4.27125032127902E-06
-2.7421875 -4.9921875 4.39199158068633E-06
-2.7265625 -4.9921875 4.51604468238772E-06
-2.7109375 -4.9921875 4.64349772789625E-06
-2.6953125 -4.9921875 4.77444109390979E-06
-2.6796875 -4.9921875 4.90896748955245E-06
-2.6640625 -4.9921875 5.04717201502957E-06
-2.6484375 -4.9921875 5.18915222173165E-06
-2.6328125 -4.9921875 5.33500817382164E-06
-2.6171875 -4.9921875 5.4848425113434E-06
-2.6015625 -4.9921875 5.63876051488766E-06
-2.5859375 -4.9921875 5.79687017185447E-06
-2.5703125 -4.9921875 5.95928224435088E-06
-2.5546875 -4.9921875 6.12611033876467E-06
-2.5390625 -4.9921875 6.29747097705475E-06
-2.5234375 -4.9921875 6.47348366980093E-06
-2.5078125 -4.9921875 6.65427102144909E-06
-2.4921875 -4.9921875 6.83995868606113E-06
-2.4765625 -4.9921875 7.03067562641109E-06
-2.4609375 -4.9921875 7.22655407478643E-06
-2.4453125 -4.9921875 7.42772964528905E-06
-2.4296875 -4.9921875 7.63434141839022E-06
-2.4140625 -4.9921875 7.84653202757115E-06
-2.3984375 -4.9921875 8.06444774810202E-06
-2.3828125 -4.9921875 8.28823858801198E-06
-2.3671875 -4.9921875 8.51805838130381E-06
-2.3515625 -4.9921875 8.7540648834693E-06
-2.3359375 -4.9921875 8.99641986936203E-06
-2.3203125 -4.9921875 9.24528923348624E-06
-2.3046875 -4.9921875 9.50084309276122E-06
-2.2890625 -4.9921875 9.76325589182297E-06
-2.2734375 -4.9921875 1.00327065109257E-05
-2.2578125 -4.9921875 1.03093783765081E-05
-2.2421875 -4.9921875 1.05934595744902E-05
-2.2265625 -4.9921875 1.08851429663689E-05
-2.2109375 -4.9921875 1.11846263081814E-05
-2.1953125 -4.9921875 1.14921123724081E-05
-2.1796875 -4.9921875 1.18078090728886E-05
-2.1640625 -4.9921875 1.21319295928243E-05
-2.1484375 -4.9921875 1.24646925159463E-05
-2.1328125 -4.9921875 1.28063219609265E-05
-2.1171875 -4.9921875 1.31570477191127E-05
-2.1015625 -4.9921875 1.35171053956712E-05
-2.0859375 -4.9921875 1.38867365542217E-05
-2.0703125 -4.9921875 1.42661888650516E-05
-2.0546875 -4.9921875 1.46557162569993E-05
-2.0390625 -4.9921875 1.50555790730988E-05
-2.0234375 -4.9921875 1.54660442300788E-05
-2.0078125 -4.9921875 1.58873853818139E-05
-1.9921875 -4.9921875 1.63198830868256E-05
-1.9765625 -4.9921875 1.67638249799363E-05
-1.9609375 -4.9921875 1.72195059481793E-05
-1.9453125 -4.9921875 1.76872283110724E-05
-1.9296875 -4.9921875 1.8167302005364E-05
-1.9140625 -4.9921875 1.8660044774365E-05
-1.8984375 -4.9921875 1.91657823619822E-05
-1.8828125 -4.9921875 1.96848487115692E-05
-1.8671875 -4.9921875 2.02175861697196E-05
-1.8515625 -4.9921875 2.0764345695125E-05
-1.8359375 -4.9921875 2.1325487072626E-05
-1.8203125 -4.9921875 2.19013791325868E-05
-1.8046875 -4.9921875 2.24923999757303E-05
-1.7890625 -4.9921875 2.30989372035683E-05
-1.7734375 -4.9921875 2.37213881545706E-05
-1.7578125 -4.9921875 2.43601601462193E-05
-1.7421875 -4.9921875 2.50156707230934E-05
-1.7265625 -4.9921875 2.56883479111417E-05
-1.7109375 -4.9921875 2.63786304782978E-05
-1.6953125 -4.9921875 2.70869682015986E-05
-1.6796875 -4.9921875 2.78138221409733E-05
-1.6640625 -4.9921875 2.85596649198694E-05
-1.6484375 -4.9921875 2.93249810128955E-05
-1.6328125 -4.9921875 3.0110267040651E-05
-1.6171875 -4.9921875 3.09160320719354E-05
-1.6015625 -4.9921875 3.17427979335179E-05
-1.5859375 -4.9921875 3.25910995276652E-05
-1.5703125 -4.9921875 3.34614851576225E-05
-1.5546875 -4.9921875 3.43545168612544E-05
-1.5390625 -4.9921875 3.52707707530503E-05
-1.5234375 -4.9921875 3.62108373747123E-05
-1.5078125 -4.9921875 3.71753222243383E-05
-1.4921875 -4.9921875 3.81648454489142E-05
-1.4765625 -4.9921875 3.91800432310501E-05
-1.4609375 -4.9921875 4.02215675066224E-05
-1.4453125 -4.9921875 4.12900865282797E-05
-1.4296875 -4.9921875 4.2386285272348E-05
-1.4140625 -4.9921875 4.35108658559792E-05
-1.3984375 -4.9921875 4.4664547964815E-05
-1.3828125 -4.9921875 4.58480692914359E-05
-1.3671875 -4.9921875 4.70621859848697E-05
-1.3515625 -4.9921875 4.83076731114494E-05
-1.3359375 -4.9921875 4.95853251273121E-05
-1.3203125 -4.9921875 5.08959563628407E-05
-1.3046875 -4.9921875 5.22404015193573E-05
-1.2890625 -4.9921875 5.36195161783864E-05
-1.2734375 -4.9921875 5.50341773238121E-05
-1.2578125 -4.9921875 5.64852838772666E-05
-1.2421875 -4.9921875 5.79737572470936E-05
-1.2265625 -4.9921875 5.95005418912344E-05
-1.2109375 -4.9921875 6.10666058944083E-05
-1.1953125 -4.9921875 6.2672941559949E-05
-1.1796875 -4.9921875 6.43205660166895E-05
-1.1640625 -4.9921875 6.60105218412769E-05
-1.1484375 -4.9921875 6.77438776963314E-05
-1.1328125 -4.9921875 6.95217289848521E-05
-1.1171875 -4.9921875 7.1345198521305E-05
-1.1015625 -4.9921875 7.32154372198217E-05
-1.0859375 -4.9921875 7.51336247999604E-05
-1.0703125 -4.9921875 7.71009705104886E-05
-1.0546875 -4.9921875 7.91187138716609E-05
-1.0390625 -4.9921875 8.11881254364784E-05
-1.0234375 -4.9921875 8.33105075714239E-05
-1.0078125 -4.9921875 8.54871952571923E-05
-0.9921875 -4.9921875 8.77195569099317E-05
-0.9765625 -4.9921875 9.00089952235502E-05
-0.9609375 -4.9921875 9.23569480336271E-05
-0.9453125 -4.9921875 9.47648892035134E-05
-0.9296875 -4.9921875 9.72343295331929E-05
-0.9140625 -4.9921875 9.97668176915209E-05
-0.8984375 -4.9921875 0.000102363941172446
-0.8828125 -4.9921875 0.000105027327275852
-0.8671875 -4.9921875 0.000107758644113678
-0.8515625 -4.9921875 0.000110559601641985
-0.8359375 -4.9921875 0.000113431952719646
-0.8203125 -4.9921875 0.000116377494194383
-0.8046875 -4.9921875 0.00011939806801687
-0.7890625 -4.9921875 0.000122495562383642
-0.7734375 -4.9921875 0.000125671912909588
-0.7578125 -4.9921875 0.000128929103830812
-0.7421875 -4.9921875 0.00013226916923866
-0.7265625 -4.9921875 0.000135694194345768
-0.7109375 -4.9921875 0.000139206316784962
-0.6953125 -4.9921875 0.000142807727941902
-0.6796875 -4.9921875 0.000146500674322367
-0.6640625 -4.9921875 0.000150287458955106
-0.6484375 -4.9921875 0.000154170442831221
-0.6328125 -4.9921875 0.000158152046381038
-0.6171875 -4.9921875 0.00016223475098949
-0.6015625 -4.9921875 0.000166421100551038
-0.5859375 -4.9921875 0.000170713703065204
-0.5703125 -4.9921875 0.000175115232273779
-0.5546875 -4.9921875 0.000179628429340866
-0.5390625 -4.9921875 0.000184256104576881
-0.5234375 -4.9921875 0.000189001139207704
-0.5078125 -4.9921875 0.000193866488075683
-0.4921875 -4.9921875 0.000198855177977108
-0.4765625 -4.9921875 0.000203970314838778
-0.4609375 -4.9921875 0.000209215082186456
-0.4453125 -4.9921875 0.000214592744028298
-0.4296875 -4.9921875 0.000220106646921738
-0.4140625 -4.9921875 0.000225760222094772
-0.3984375 -4.9921875 0.000231556987623166
-0.3828125 -4.9921875 0.000237500550665069
-0.3671875 -4.9921875 0.000243594609754612
-0.3515625 -4.9921875 0.000249842957156077
-0.3359375 -4.9921875 0.000256249481280297
-0.3203125 -4.9921875 0.000262818169164989
-0.3046875 -4.9921875 0.000269553109020736
-0.2890625 -4.9921875 0.000276458492844436
-0.2734375 -4.9921875 0.000283538619102039
-0.2578125 -4.9921875 0.000290797895482474
-0.2421875 -4.9921875 0.000298240841724721
-0.2265625 -4.9921875 0.00030587209251999
-0.2109375 -4.9921875 0.00031369640049113
-0.1953125 -4.9921875 0.0003217186392513
-0.1796875 -4.9921875 0.000329943806544168
-0.1640625 -4.9921875 0.000338377027467778
-0.1484375 -4.9921875 0.00034702355778447
-0.1328125 -4.9921875 0.000355888787319151
-0.1171875 -4.9921875 0.0003649782434484
-0.1015625 -4.9921875 0.000374297594682856
-0.0859375 -4.9921875 0.000383852654345505
-0.0703125 -4.9921875 0.000393649384348473
-0.0546875 -4.9921875 0.000403693899071064
-0.0390625 -4.9921875 0.000413992469341837
-0.0234375 -4.9921875 0.000424551526527582
-0.0078125 -4.9921875 0.000435377666732173
0.0078125 -4.9921875 0.000446477655108299
0.0234375 -4.9921875 0.000457858430285264
0.0390625 -4.9921875 0.000469527108915999
0.0546875 -4.9921875 0.000481490990346652
0.0703125 -4.9921875 0.000493757561412107
0.0859375 -4.9921875 0.000506334501360991
0.1015625 -4.9921875 0.000519229686913712
0.1171875 -4.9921875 0.000532451197457246
0.1328125 -4.9921875 0.000546007320380492
0.1484375 -4.9921875 0.000559906556554126
0.1640625 -4.9921875 0.000574157625958925
0.1796875 -4.9921875 0.000588769473466752
0.1953125 -4.9921875 0.000603751274778486
0.2109375 -4.9921875 0.000619112442523201
0.2265625 -4.9921875 0.00063486263252318
0.2421875 -4.9921875 0.000651011750229398
0.2578125 -4.9921875 0.000667569957332182
0.2734375 -4.9921875 0.000684547678552045
0.2890625 -4.9921875 0.00070195560861572
0.3046875 -4.9921875 0.000719804719422537
0.3203125 -4.9921875 0.000738106267406586
0.3359375 -4.9921875 0.000756871801100079
0.3515625 -4.9921875 0.00077611316890368
0.3671875 -4.9921875 0.000795842527069488
0.3828125 -4.9921875 0.000816072347902815
0.3984375 -4.9921875 0.000836815428188807
0.4140625 -4.9921875 0.000858084897850365
0.4296875 -4.9921875 0.000879894228843771
0.4453125 -4.9921875 0.000902257244298886
0.4609375 -4.9921875 0.000925188127910692
0.4765625 -4.9921875 0.000948701433589391
0.4921875 -4.9921875 0.000972812099819591
0.5078125 -4.9921875 0.00099753544215661
0.5234375 -4.9921875 0.00102288719011817
0.5390625 -4.9921875 0.00104888348040793
0.5546875 -4.9921875 0.00107554087233719
0.5703125 -4.9921875 0.00110287635918769
0.5859375 -4.9921875 0.00113090737988891
0.6015625 -4.9921875 0.00115965183101876
0.6171875 -4.9921875 0.00118912807913713
0.6328125 -4.9921875 0.00121935497346144
0.6484375 -4.9921875 0.00125035185889423
0.6640625 -4.9921875 0.00128213858941271
0.6796875 -4.9921875 0.00131473554183069
0.6953125 -4.9921875 0.00134816362994348
0.7109375 -4.9921875 0.00138244431906677
0.7265625 -4.9921875 0.00141759964098076
0.7421875 -4.9921875 0.00145365220929116
0.7578125 -4.9921875 0.00149062523521908
0.7734375 -4.9921875 0.00152854254383196
0.7890625 -4.9921875 0.00156742859072849
0.8046875 -4.9921875 0.00160730847919027
0.8203125 -4.9921875 0.00164820797781391
0.8359375 -4.9921875 0.0016901535386372
0.8515625 -4.9921875 0.00173317231577378
0.8671875 -4.9921875 0.00177729218457079
0.8828125 -4.9921875 0.00182254176130474
0.8984375 -4.9921875 0.00186895042343117
0.9140625 -4.9921875 0.00191654833040392
0.9296875 -4.9921875 0.0019653664450807
0.9453125 -4.9921875 0.00201543655573182
0.9609375 -4.9921875 0.00206679129866964
0.9765625 -4.9921875 0.00211946418151666
0.9921875 -4.9921875 0.00217348960713086
1.0078125 -4.9921875 0.00222890289820724
1.0234375 -4.9921875 0.00228574032257547
1.0390625 -4.9921875 0.00234403911921359
1.0546875 -4.9921875 0.00240383752499894
1.0703125 -4.9921875 0.00246517480221735
1.0859375 -4.9921875 0.00252809126685325
1.1015625 -4.9921875 0.00259262831768303
1.1171875 -4.9921875 0.00265882846619526
1.1328125 -4.9921875 0.00272673536736195
1.1484375 -4.9921875 0.00279639385128588
1.1640625 -4.9921875 0.0028678499557492
1.1796875 -4.9921875 0.00294115095969013
1.1953125 -4.9921875 0.0030163454176349
1.2109375 -4.9921875 0.00309348319511258
1.2265625 -4.9921875 0.00317261550508212
1.2421875 -4.9921875 0.00325379494540115
1.2578125 -4.9921875 0.00333707553736686
1.2734375 -4.9921875 0.00342251276536112
1.2890625 -4.9921875 0.00351016361763179
1.3046875 -4.9921875 0.00360008662824395
1.3203125 -4.9921875 0.00369234192023546
1.3359375 -4.9921875 0.00378699125001243
1.3515625 -4.9921875 0.00388409805302132
1.3671875 -4.9921875 0.00398372749073495
1.3828125 -4.9921875 0.00408594649899197
1.3984375 -4.9921875 0.00419082383772909
1.4140625 -4.9921875 0.00429843014214802
1.4296875 -4.9921875 0.00440883797535896
1.4453125 -4.9921875 0.00452212188254512
1.4609375 -4.9921875 0.00463835844669275
1.4765625 -4.9921875 0.00475762634593356
1.4921875 -4.9921875 0.00488000643483645
1.5078125 -4.9921875 0.00500558171637173
1.5234375 -4.9921875 0.00513443753690229
1.5390625 -4.9921875 0.00526666156252186
1.5546875 -4.9921875 0.00540234386709632
1.5703125 -4.9921875 0.0055415770003395
1.5859375 -4.9921875 0.00568445605786871
1.6015625 -4.9921875 0.00583107875329964
1.6171875 -4.9921875 0.00598154549244183
1.6328125 -4.9921875 0.00613595944965687
1.6484375 -4.9921875 0.00629442664644462
1.6640625 -4.9921875 0.006457056032324
1.6796875 -4.9921875 0.00662395956807736
1.6953125 -4.9921875 0.00679525231142901
1.7109375 -4.9921875 0.00697105250523149
1.7265625 -4.9921875 0.00715148166823438
1.7421875 -4.9921875 0.00733666468851378
1.7578125 -4.9921875 0.00752672991964263
1.7734375 -4.9921875 0.00772180927968352
1.7890625 -4.9921875 0.00792203835309061
1.8046875 -4.9921875 0.00812755649560663
1.8203125 -4.9921875 0.00833850694224719
1.8359375 -4.9921875 0.00855503691846378
1.8515625 -4.9921875 0.00877729775458348
1.8671875 -4.9921875 0.00900544500362275
1.8828125 -4.9921875 0.00923963856257882
1.8984375 -4.9921875 0.00948004279730324
1.9140625 -4.9921875 0.00972682667106647
1.9296875 -4.9921875 0.00998016387692538
1.9453125 -4.9921875 0.0102402329740093
1.9609375 -4.9921875 0.0105072175278439
1.9765625 -4.9921875 0.0107813062548349
1.9921875 -4.9921875 0.0110626931710387
2.0078125 -4.9921875 0.0113515777453513
2.0234375 -4.9921875 0.0116481650572481
2.0390625 -4.9921875 0.0119526659592153
2.0546875 -4.9921875 0.0122652972440158
2.0703125 -4.9921875 0.0125862818169353
2.0859375 -4.9921875 0.0129158488731642
2.1015625 -4.9921875 0.0132542340804692
2.1171875 -4.9921875 0.0136016797673184
2.1328125 -4.9921875 0.0139584351166256
2.1484375 -4.9921875 0.0143247563652884
2.1640625 -4.9921875 0.0147009070096944
2.1796875 -4.9921875 0.0150871580173812
2.1953125 -4.9921875 0.0154837880450395
2.2109375 -4.9921875 0.0158910836630511
2.2265625 -4.9921875 0.0163093395867676
2.2421875 -4.9921875 0.016738858914733
2.2578125 -4.9921875 0.0171799533740661
2.2734375 -4.9921875 0.0176329435732242
2.2890625 -4.9921875 0.0180981592623737
2.3046875 -4.9921875 0.0185759396016042
2.3203125 -4.9921875 0.0190666334372278
2.3359375 -4.9921875 0.0195705995864126
2.3515625 -4.9921875 0.0200882071304115
2.3671875 -4.9921875 0.020619835716647
2.3828125 -4.9921875 0.0211658758699327
2.3984375 -4.9921875 0.0217267293131088
2.4140625 -4.9921875 0.0223028092973895
2.4296875 -4.9921875 0.0228945409427177
2.4453125 -4.9921875 0.023502361588444
2.4609375 -4.9921875 0.0241267211546464
2.4765625 -4.9921875 0.0247680825144235
2.4921875 -4.9921875 0.0254269219936392
2.5078125 -4.9921875 0.0261037293038852
2.5234375 -4.9921875 0.0267990086399663
2.5390625 -4.9921875 0.0275132786416679
2.5546875 -4.9921875 0.0282470729402171
2.5703125 -4.9921875 0.0290009406039894
2.5859375 -4.9921875 0.0297754465978191
2.6015625 -4.9921875 0.0305711722563442
2.6171875 -4.9921875 0.0313887157718249
2.6328125 -4.9921875 0.0322286926968855
2.6484375 -4.9921875 0.0330917364626519
2.6640625 -4.9921875 0.0339784989127647
2.6796875 -4.9921875 0.0348896508537703
2.6953125 -4.9921875 0.0358258826223992
2.7109375 -4.9921875 0.0367879046702685
2.7265625 -4.9921875 0.0377764481665517
2.7421875 -4.9921875 0.0387922656191858
2.7578125 -4.9921875 0.0398361315151981
2.7734375 -4.9921875 0.0409088429807534
2.7890625 -4.9921875 0.0420112204615503
2.8046875 -4.9921875 0.0431441084242005
2.8203125 -4.9921875 0.0443083760792638
2.8359375 -4.9921875 0.045504918126614
2.8515625 -4.9921875 0.0467346555238516
2.8671875 -4.9921875 0.0479985362784851
2.8828125 -4.9921875 0.0492975362646405
2.8984375 -4.9921875 0.050632660065073
2.9140625 -4.9921875 0.0520049418392852
2.9296875 -4.9921875 0.0534154462185806
2.9453125 -4.9921875 0.0548652692289084
2.9609375 -4.9921875 0.056355539242385
2.9765625 -4.9921875 0.0578874179584013
2.9921875 -4.9921875 0.0594621014152622
3.0078125 -4.9921875 0.0610808210333253
3.0234375 -4.9921875 0.0627448446906528
3.0390625 -4.9921875 0.0644554778322031
3.0546875 -4.9921875 0.0662140646136423
3.0703125 -4.9921875 0.0680219890808742
3.0859375 -4.9921875 0.0698806763864395
3.1015625 -4.9921875 0.0717915940439574
3.1171875 -4.9921875 0.0737562532218276
3.1328125 -4.9921875 0.0757762100774543
3.1484375 -4.9921875 0.0778530671332942
3.1640625 -4.9921875 0.0799884746960606
3.1796875 -4.9921875 0.0821841323204763
3.1953125 -4.9921875 0.0844417903190109
3.2109375 -4.9921875 0.0867632513190693
3.2265625 -4.9921875 0.0891503718691672
3.2421875 -4.9921875 0.0916050640956714
3.2578125 -4.9921875 0.0941292974117247
3.2734375 -4.9921875 0.0967251002800492
3.2890625 -4.9921875 0.0993945620313619
3.3046875 -4.9921875 0.102139834740193
3.3203125 -4.9921875 0.104963135159969
3.3359375 -4.9921875 0.107866746719273
3.3515625 -4.9921875 0.110853021581264
3.3671875 -4.9921875 0.113924382768291
3.3828125 -4.9921875 0.117083326353829
3.3984375 -4.9921875 0.120332423723905
3.4140625 -4.9921875 0.123674323910277
3.4296875 -4.9921875 0.127111755997691
3.4453125 -4.9921875 0.130647531607622
3.4609375 -4.9921875 0.134284547460989
3.4765625 -4.9921875 0.138025788022408
3.4921875 -4.9921875 0.141874328876635
3.5078125 -4.9921875 0.145833336965213
3.5234375 -4.9921875 0.149906077340143
3.5390625 -4.9921875 0.154095913608944
3.5546875 -4.9921875 0.158406311663243
3.5703125 -4.9921875 0.162840842871202
3.5859375 -4.9921875 0.167403187372015
3.6015625 -4.9921875 0.17209713747583
3.6171875 -4.9921875 0.176926601172532
3.6328125 -4.9921875 0.181895605752964
3.6484375 -4.9921875 0.187008301546254
3.6640625 -4.9921875 0.192268965777071
3.6796875 -4.9921875 0.197682006546737
3.6953125 -4.9921875 0.203251966942263
3.7109375 -4.9921875 0.20898352927751
3.7265625 -4.9921875 0.21488151947082
3.7421875 -4.9921875 0.220950911563607
3.7578125 -4.9921875 0.227196832384549
3.7734375 -4.9921875 0.233624566364172
3.7890625 -4.9921875 0.240239560504795
3.8046875 -4.9921875 0.247047429510937
3.8203125 -4.9921875 0.254053961085523
3.8359375 -4.9921875 0.261265121397307
3.8515625 -4.9921875 0.268687060725234
3.8671875 -4.9921875 0.276326119285541
3.8828125 -4.9921875 0.284188833247675
3.8984375 -4.9921875 0.292281940945264
3.9140625 -4.9921875 0.300612389288621
3.9296875 -4.9921875 0.309187340385437
3.9453125 -4.9921875 0.318014178376599
3.9609375 -4.9921875 0.327100516494261
3.9765625 -4.9921875 0.33645420434955
3.9921875 -4.9921875 0.346083335457551
4.0078125 -4.9921875 0.355996255007439
4.0234375 -4.9921875 0.36620156788597
4.0390625 -4.9921875 0.376708146962702
4.0546875 -4.9921875 0.387525141645736
4.0703125 -4.9921875 0.398661986716935
4.0859375 -4.9921875 0.410128411456014
4.1015625 -4.9921875 0.421934449063101
4.1171875 -4.9921875 0.434090446389748
4.1328125 -4.9921875 0.446607073988721
4.1484375 -4.9921875 0.45949533649325
4.1640625 -4.9921875 0.472766583336721
4.1796875 -4.9921875 0.486432519824244
4.1953125 -4.9921875 0.500505218567929
4.2109375 -4.9921875 0.514997131297992
4.2265625 -4.9921875 0.529921101062373
4.2421875 -4.9921875 0.545290374827899
4.2578125 -4.9921875 0.561118616496457
4.2734375 -4.9921875 0.577419920350179
4.2890625 -4.9921875 0.594208824940067
4.3046875 -4.9921875 0.611500327432951
4.3203125 -4.9921875 0.629309898432276
4.3359375 -4.9921875 0.647653497288658
4.3515625 -4.9921875 0.666547587916783
4.3671875 -4.9921875 0.686009155135648
4.3828125 -4.9921875 0.706055721549947
4.3984375 -4.9921875 0.726705364990781
4.4140625 -4.9921875 0.747976736534709
4.4296875 -4.9921875 0.769889079120613
4.4453125 -4.9921875 0.792462246784738
4.4609375 -4.9921875 0.815716724534743
4.4765625 -4.9921875 0.839673648884498
4.4921875 -4.9921875 0.864354833019913
4.5078125 -4.9921875 0.889782773018462
4.5234375 -4.9921875 0.91598069393302
4.5390625 -4.9921875 0.942972557666332
4.5546875 -4.9921875 0.970783091024808
4.5703125 -4.9921875 0.999437810716699
4.5859375 -4.9921875 1.02896304918515
4.6015625 -4.9921875 1.05938598130465
4.6171875 -4.9921875 1.09073465197043
4.6328125 -4.9921875 1.12303800461107
4.6484375 -4.9921875 1.15632591065594
4.6640625 -4.9921875 1.19062919999015
4.6796875 -4.9921875 1.22597969243074
4.6953125 -4.9921875 1.26241023025891
4.7109375 -4.9921875 1.29995471184469
4.7265625 -4.9921875 1.3386481264012
4.7421875 -4.9921875 1.37852658990744
4.7578125 -4.9921875 1.41962738223957
4.7734375 -4.9921875 1.46198898555205
4.7890625 -4.9921875 1.50565112395186
4.8046875 -4.9921875 1.5506548045098
4.8203125 -4.9921875 1.59704235965533
4.8359375 -4.9921875 1.64485749100204
4.8515625 -4.9921875 1.69414531465337
4.8671875 -4.9921875 1.74495240803937
4.8828125 -4.9921875 1.79732685833737
4.8984375 -4.9921875 1.85131831253105
4.9140625 -4.9921875 1.90697802916459
4.9296875 -4.9921875 1.96435893185026
4.9453125 -4.9921875 2.02351566459021
4.9609375 -4.9921875 2.08450464897503
4.9765625 -4.9921875 2.14738414332403
4.9921875 -4.9921875 2.21221430383451
