1 117 5
2 100 5
3 88 5
4 72 4
6 53 4
9 29.5 3
10 25.2 3
13 15.2 2
15 11.1 2


1 119.255502069013
1.25 114.2965626331
1.5 109.543828193204
1.75 104.988724234363
2 100.623032791207
2.25 96.4388776217403
2.5 92.4287099976348
2.75 88.5852950854024
3 84.9016988938678
3.25 81.3712757643997
3.5 77.9876563813285
3.75 74.7447362809211
4 71.6366648381809
4.25 68.6578347116033
4.5 65.8028717268455
4.75 63.0666251810575
5 60.4441585503834
5.25 57.9307405838682
5.5 55.5218367677011
5.75 53.2131011443977
6 51.0003684721605
6.25 48.8796467102722
6.5 46.8471098169658
6.75 44.8990908467766
7 43.0320753349232
7.25 41.2426949567833
7.5 39.527721451023
7.75 37.8840607954181
8 36.3087476248593
8.25 34.7989398814705
8.5 33.351913687188
8.75 31.965058429551
9 30.6358720518372
9.25 29.3619565390459
9.5 28.1410135915854
9.75 26.9708404788588
10 25.8493260652687
10.25 24.7744470014697
10.5 23.7442640739984
10.75 22.756918706695
11 21.8106296076044
11.25 20.9036895553069
11.5 20.0344623188822
11.75 19.2013797059482
12 18.4029387334499
12.25 17.6376989160939
12.5 16.9042796675367
12.75 16.2013578096375
13 15.5276651852834
13.25 14.881986370478
13.5 14.2631564815679
13.75 13.6700590736504
14 13.1016241263693
14.25 12.5568261134679
14.5 12.0346821526136
14.75 11.5342502321582
15 11.0546275116331
15.25 10.5949486929146
15.5 10.1543844591205
15.75 9.73213997842049


1 124.233903000267
1.25 119.275012125777
1.5 114.514059158018
1.75 109.943143254665
2 105.554678941528
2.25 101.3413835244
2.5 97.2962650033605
2.75 93.4126104694918
3 89.6839749647494
3.25 86.1041707864986
3.5 82.6672572189691
3.75 79.3675306745858
4 76.1995152288163
4.25 73.1579535328275
4.5 70.2377980888697
4.75 67.4342028739108
5 64.7425152976195
5.25 62.1582684813519
5.5 59.6771738453276
5.75 57.2951139916952
6 55.008135871675
6.25 52.8124442254405
6.5 50.7043952838523
6.75 48.6804907215918
7 46.7373718516605
7.25 44.8718140516099
7.5 43.0807214122528
7.75 41.3611215999758
8 39.7101609241257
8.25 38.1250996012854
8.5 36.6033072085804
8.75 35.1422583184685
9 33.7395283077718
9.25 32.3927893339937
9.5 31.0998064722438
9.75 29.8584340063614
10 28.6666118680807
10.25 27.5223622183302
10.5 26.4237861649914
10.75 25.3690606116713
11 24.3564352322582
11.25 23.3842295662404
11.5 22.4508302299676
11.75 21.554688239227
12 20.6943164386907
12.25 19.8682870339683
12.5 19.0752292221704
12.75 18.3138269170489
13 17.5828165649411
13.25 16.880985047891
13.5 16.2071676704701
13.75 15.5602462269551
14 14.9391471456559
14.25 14.3428397073143
14.5 13.7703343346164
14.75 13.2206809499806
15 12.6929673988956
15.25 12.1863179361926
15.5 11.6998917727378
15.75 11.2328816801367


1 114.476599625963
1.25 109.525909886024
1.5 104.789319175766
1.75 100.257568503631
2 95.9217992952175
2.25 91.7735360767175
2.5 87.8046699072344
2.75 84.0074425275883
3 80.3744311946282
3.25 76.8985341714042
3.5 73.5729568448359
3.75 70.3911984437407
4 67.3470393312577
4.25 64.4345288468275
4.5 61.6479736739618
4.75 58.9819267110635
5 56.4311764235429
5.25 53.9907366564154
5.5 51.6558368874669
5.75 49.4219129019334
6 47.2845978704666
6.25 45.2397138129446
6.5 43.2832634314403
6.75 41.4114222963851
7 39.6205313706513
7.25 37.9070898569401
7.5 36.2677483544944
7.75 34.6993023117577
8 33.198685762182
8.25 31.7629653309383
8.5 30.3893345008149
8.75 29.0751081260944
9 27.8177171836853
9.25 26.6147037512478
9.5 25.4637162024969
9.75 24.362504610291
10 23.3089163485199
10.25 22.3008918841948
10.5 21.3364607515152
10.75 20.413737700042
11 19.5309190094484
11.25 18.6862789636435
11.5 17.878166477378
11.75 17.105001868736
12 16.3652737712045
12.25 15.6575361792851
12.5 14.9804056218718
12.75 14.3325584578693
13 13.7127282887667
13.25 13.119703483107
13.5 12.5523248080146
13.75 12.0094831631503
14 11.4901174126647
14.25 10.9932123109108
14.5 10.517796517863
14.75 10.0629407003607
15 9.6277557154671
15.25 9.21139087239053
15.5 8.81303226957114
15.75 8.43190120368277


