  2.65e+04 
Energy is found to be 26453.3741164093 Hartree, should be -0.5 Hartree


0 0
0.0625 0.0581932475978886
0.125 0.109229730153602
0.1875 0.153817837958113
0.25 0.19248204421736
0.3125 0.22561632758506
0.375 0.254490069061054
0.4375 0.278836654844055
0.5 0.299090994380964
0.5625 0.315654062112346
0.625 0.329233959152754
0.6875 0.340625985687942
0.75 0.349299058135006
0.8125 0.355540432116182
0.875 0.359601125891204
0.9375 0.361716318787945
1 0.362117024227669
1.0625 0.361748801583901
1.125 0.360525404927373
1.1875 0.358077145722287
1.25 0.354532402763091
1.3125 0.350034517372282
1.375 0.344716586486749
1.4375 0.338702895217807
1.5 0.332110214005497
1.5625 0.325310596951109
1.625 0.3187543463834
1.6875 0.31185252470905
1.75 0.304671554637365
1.8125 0.297272180468962
1.875 0.289710098986992
1.9375 0.282036605120908
2 0.274299230664272
2.0625 0.266542359743026
2.125 0.258807809436458
2.1875 0.251135367823661
2.25 0.243569377009035
2.3125 0.236280646699245
2.375 0.229136393855076
2.4375 0.22215042878204
2.5 0.215334982773058
2.5625 0.208700855524905
2.625 0.20225758037753
2.6875 0.196013602794419
2.75 0.189976467316126
2.8125 0.184153008370791
2.875 0.178549540676073
2.9375 0.173172045422438
3 0.168026348925463
3.0625 0.163118290934063
3.125 0.158453880257445
3.1875 0.154039435811467
3.25 0.14988171157776
3.3125 0.145278871322248
3.375 0.140969252493344
3.4375 0.136957574369847
3.5 0.133234751287885
3.5625 0.129792699287545
3.625 0.126624171280345
3.6875 0.123722620682426
3.75 0.121082089412635
3.8125 0.118697116319078
3.875 0.116562662388087
3.9375 0.114674049426037
4 0.113026909245234
4.0625 0.111617140709638
4.125 0.110440872295467
4.1875 0.109494428092623
4.25 0.108774295415669
4.3125 0.108277092409306
4.375 0.107999534225178
4.4375 0.107938396516792
4.5 0.108090475149654
4.5625 0.10843309871999
4.625 0.108297900723217
4.6875 0.108425493611024
4.75 0.108817172454189
4.8125 0.109475317895132
4.875 0.110357341038381
4.9375 0.111515194508049
5 0.112991015850678
5.0625 0.114785688924901
5.125 0.116900870767996
5.1875 0.119338907204482
5.25 0.122102746676059
5.3125 0.125195853151595
5.375 0.12862211874183
5.4375 0.132385776461711
5.5 0.136491313441615
5.5625 0.140943384778548
5.625 0.145746728132092
5.6875 0.150906079102685
5.75 0.156426087377047
5.8125 0.162311233584648
5.875 0.168565746776964
5.9375 0.175193522416598
6 0.181938180995474
6.0625 0.189200541609838
6.125 0.197032882063946
6.1875 0.205455130771094
6.25 0.214488943772895
6.3125 0.224157661362847
6.375 0.234486260380475
6.4375 0.24553122357187
6.5 0.257329004783312
6.5625 0.269877315063426
6.625 0.283204560248055
6.6875 0.297340389533856
6.75 0.312315620825342
6.8125 0.328162170661566
6.875 0.344912989760369
6.9375 0.362602004715357
7 0.381264066045291
7.0625 0.400934902580597
7.125 0.421651082042389
7.1875 0.44344997759841
7.25 0.466369740148422
7.3125 0.490449276084021
7.375 0.51572823027591
7.4375 0.542246974056817
7.5 0.570046597987826
7.5625 0.599168909214784
7.625 0.629656433238979
7.6875 0.661552419940705
7.75 0.694900853704038
7.8125 0.733438838162335
7.875 0.774045082600542
7.9375 0.815945774564874
