Random matrix A

         7          9          6          8          1 
         3          1          1          8          6 
         9          5          9          4          9 
         4          9          4          4          5 
         4          5          6          4          2 
R is (should be upper triangular):

      13.1       12.8       12.7       11.3       10.2 
         0       7.06       0.55       1.62      -2.25 
         0          0       2.92       -4.3      -1.32 
         0          0          0       5.18      0.389 
         0          0          0          0       5.92 
