-1 0.35322690848236
-0.857142857142857 0.260177126820411
-0.714285714285714 -0.0843488475452459
-0.571428571428571 -0.544480779430265
-0.428571428571429 -0.832206835368328
-0.285714285714286 -0.697096079644103
-0.142857142857143 -0.140108766172426
0 0.54030230586814
0.142857142857143 0.940078204988361
0.285714285714286 0.838260322550704
0.428571428571429 0.34536337259437
0.571428571428571 -0.203765299950116
0.714285714285714 -0.505401482615896
0.857142857142857 -0.474679445944185
1 -0.240462049968584



-3 8.01343539951857E-05
-2.99399399399399 8.4995243160966E-05
-2.98798798798799 9.01351740361934E-05
-2.98198198198198 9.55691592117643E-05
-2.97597597597598 0.000101312957568955
-2.96996996996997 0.000107383107790948
-2.96396396396396 0.000113796963178616
-2.95795795795796 0.000120572727810518
-2.95195195195195 0.000127729494087759
-2.94594594594595 0.000135287281704945
-2.93993993993994 0.000143267078089107
-2.93393393393393 0.000151690880349045
-2.92792792792793 0.000160581738778051
-2.92192192192192 0.000169963801953557
-2.91591591591592 0.000179862363477648
-2.90990990990991 0.000190303910402892
-2.9039039039039 0.000201316173388305
-2.8978978978979 0.000212928178630611
-2.89189189189189 0.0002251703016163
-2.88588588588589 0.000238074322740196
-2.87987987987988 0.000251673484836466
-2.87387387387387 0.000266002552668152
-2.86786786786787 0.000281097874421328
-2.86186186186186 0.00029699744525007
-2.85585585585586 0.000313740972918278
-2.84984984984985 0.000331369945584293
-2.84384384384384 0.000349927701774061
-2.83783783783784 0.000369459502588178
-2.83183183183183 0.000390012606187921
-2.82582582582583 0.000411636344604704
-2.81981981981982 0.000434382202916971
-2.81381381381381 0.000458303900837725
-2.80780780780781 0.000483457476755161
-2.8018018018018 0.000509901374267996
-2.7957957957958 0.000537696531255898
-2.78978978978979 0.000566906471524537
-2.78378378378378 0.000597597399063206
-2.77777777777778 0.00062983829495176
-2.77177177177177 0.000663701016952019
-2.76576576576577 0.000699260401817001
-2.75975975975976 0.000736594370349669
-2.75375375375375 0.000775784035240689
-2.74774774774775 0.000816913811712735
-2.74174174174174 0.000860071530996389
-2.73573573573574 0.000905348556660305
-2.72972972972973 0.000952839903815594
-2.72372372372372 0.00100264436121149
-2.71771771771772 0.00105486461623646
-2.71171171171171 0.00110960738283557
-2.70570570570571 0.00116698353235143
-2.6996996996997 0.00122710822729281
-2.69369369369369 0.00129010105803047
-2.68768768768769 0.00135608618241656
-2.68168168168168 0.00142519246831898
-2.67567567567568 0.00149755363905799
-2.66966966966967 0.00157330842172757
-2.66366366366366 0.00165260069837905
-2.65765765765766 0.0017355796600394
-2.65165165165165 0.00182239996353115
-2.64564564564565 0.0019132218910554
-2.63963963963964 0.00200821151249316
-2.63363363363363 0.00210754085037452
-2.62762762762763 0.00221138804745857
-2.62162162162162 0.00231993753686023
-2.61561561561562 0.00243338021465365
-2.60960960960961 0.0025519136148742
-2.6036036036036 0.0026757420868342
-2.5975975975976 0.00280507697465936
-2.59159159159159 0.00294013679894544
-2.58558558558559 0.00308114744042618
-2.57957957957958 0.00322834232553534
-2.57357357357357 0.0033819626137368
-2.56756756756757 0.00354225738648777
-2.56156156156156 0.00370948383769136
-2.55555555555556 0.00388390746548465
-2.54954954954955 0.00406580226519944
-2.54354354354354 0.00425545092332235
-2.53753753753754 0.00445314501227114
-2.53153153153153 0.00465918518579384
-2.52552552552553 0.00487388137478614
-2.51951951951952 0.00509755298331239
-2.51351351351351 0.00533052908460401
-2.50750750750751 0.00557314861679803
-2.5015015015015 0.00582576057816712
-2.4954954954955 0.00608872422158104
-2.48948948948949 0.00636240924792709
-2.48348348348348 0.00664719599820616
-2.47747747747748 0.00694347564400774
-2.47147147147147 0.00725165037605623
-2.46546546546547 0.00757213359050787
-2.45945945945946 0.00790535007266509
-2.45345345345345 0.00825173617776345
-2.44744744744745 0.00861174000847242
-2.44144144144144 0.00898582158874026
-2.43543543543544 0.00937445303359894
-2.42942942942943 0.00977811871453394
-2.42342342342342 0.0101973154200099
-2.41741741741742 0.0106325525107313
-2.41141141141141 0.0110843520692041
-2.40540540540541 0.0115532490431531
-2.3993993993994 0.0120397913823358
-2.39339339339339 0.0125445401682815
-2.38738738738739 0.0130680697364752
-2.38138138138138 0.0136109677904885
-2.37537537537538 0.0141738355075542
-2.36936936936937 0.0147572876350649
-2.36336336336336 0.0153619525774683
-2.35735735735736 0.0159884724730181
-2.35135135135135 0.0166375032598318
-2.34534534534535 0.0173097147306953
-2.33933933933934 0.0180057905760426
-2.33333333333333 0.0187264284145348
-2.32732732732733 0.0194723398106473
-2.32132132132132 0.0202442502786718
-2.31531531531532 0.0210428992725279
-2.30930930930931 0.0218690401607748
-2.3033033033033 0.0227234401862046
-2.2972972972973 0.0236068804093954
-2.29129129129129 0.0245201556355961
-2.28528528528529 0.02546407432431
-2.27927927927928 0.0264394584809422
-2.27327327327327 0.0274471435298723
-2.26726726726727 0.0284879781683104
-2.26126126126126 0.0295628242002994
-2.25525525525526 0.0306725563502172
-2.24924924924925 0.0318180620551422
-2.24324324324324 0.0330002412354449
-2.23723723723724 0.034220006042966
-2.23123123123123 0.0354782805861568
-2.22522522522523 0.0367760006315513
-2.21921921921922 0.0381141132809544
-2.21321321321321 0.0394935766237353
-2.20720720720721 0.0409153593636224
-2.2012012012012 0.0423804404194118
-2.1951951951952 0.0438898084990058
-2.18918918918919 0.0454444616462191
-2.18318318318318 0.0470454067597974
-2.17717717717718 0.0486936590841144
-2.17117117117117 0.0503902416710278
-2.16516516516517 0.0521361848123944
-2.15915915915916 0.0539325254427653
-2.15315315315315 0.0557803065118045
-2.14714714714715 0.0576805763259948
-2.14114114114114 0.0596343878592258
-2.13513513513514 0.0616427980318784
-2.12912912912913 0.0637068669580536
-2.12312312312312 0.0658276571606238
-2.11711711711712 0.0680062327538104
-2.11111111111111 0.0702436585930341
-2.10510510510511 0.0725409993918086
-2.0990990990991 0.0748993188054953
-2.09309309309309 0.0773196784817678
-2.08708708708709 0.0798031370776781
-2.08108108108108 0.0823507492432573
-2.07507507507508 0.0849635645716258
-2.06906906906907 0.0876426265156371
-2.06306306306306 0.0903889712711191
-2.05705705705706 0.0932036266268321
-2.05105105105105 0.0960876107813077
-2.04504504504505 0.0990419311267842
-2.03903903903904 0.102067583000512
-2.03303303303303 0.105165548403748
-2.02702702702703 0.108336794688826
-2.02102102102102 0.111582273214735
-2.01501501501502 0.114902917971696
-2.00900900900901 0.118299644175312
-2.003003003003 0.121773346830883
-1.996996996997 0.125324899268587
-1.99099099099099 0.12895515165025
-1.98498498498498 0.132664929448532
-1.97897897897898 0.136455031899385
-1.97297297297297 0.140326230428727
-1.96696696696697 0.144279267054347
-1.96096096096096 0.148314852764095
-1.95495495495495 0.152433665871526
-1.94894894894895 0.156636350350183
-1.94294294294294 0.160923514147819
-1.93693693693694 0.165295727481904
-1.93093093093093 0.16975352111783
-1.92492492492492 0.174297384631324
-1.91891891891892 0.178927764656613
-1.91291291291291 0.183645063121978
-1.90690690690691 0.188449635474411
-1.9009009009009 0.193341788895124
-1.89489489489489 0.19832178050778
-1.88888888888889 0.203389815581325
-1.88288288288288 0.208546045729422
-1.87687687687688 0.213790567108519
-1.87087087087087 0.219123418616658
-1.86486486486486 0.224544580095218
-1.85885885885886 0.230053970535801
-1.85285285285285 0.235651446294589
-1.84684684684685 0.241336799316509
-1.84084084084084 0.24710975537164
-1.83483483483483 0.252969972306325
-1.82882882882883 0.258917038311528
-1.82282282282282 0.264950470211002
-1.81681681681682 0.271069711771917
-1.81081081081081 0.277274132040606
-1.8048048048048 0.28356302370617
-1.7987987987988 0.289935601494689
-1.79279279279279 0.296391000596855
-1.78678678678679 0.302928275131851
-1.78078078078078 0.30954639665036
-1.77477477477477 0.316244252679592
-1.76876876876877 0.323020645313249
-1.76276276276276 0.329874289849386
-1.75675675675676 0.336803813479115
-1.75075075075075 0.343807754029132
-1.74474474474474 0.350884558761054
-1.73873873873874 0.358032583230545
-1.73273273273273 0.365250090209223
-1.72672672672673 0.37253524867234
-1.72072072072072 0.379886132855194
-1.71471471471471 0.387300721381245
-1.70870870870871 0.394776896464875
-1.7027027027027 0.4023124431917
-1.6966966966967 0.409905048879344
-1.69069069069069 0.417552302521511
-1.68468468468468 0.425251694318173
-1.67867867867868 0.433000615294659
-1.67267267267267 0.440796357012351
-1.66666666666667 0.448636111373659
-1.66066066066066 0.456516970523881
-1.65465465465465 0.464435926852482
-1.64864864864865 0.472389873096264
-1.64264264264264 0.480375602546811
-1.63663663663664 0.488389809364512
-1.63063063063063 0.496429089001394
-1.62462462462462 0.504489938734864
-1.61861861861862 0.512568758314408
-1.61261261261261 0.520661850723147
-1.60660660660661 0.528765423056061
-1.6006006006006 0.536875587516584
-1.59459459459459 0.544988362533124
-1.58858858858859 0.553099673996957
-1.58258258258258 0.561205356622817
-1.57657657657658 0.569301155433341
-1.57057057057057 0.577382727368416
-1.56456456456456 0.585445643020308
-1.55855855855856 0.593485388495315
-1.55255255255255 0.601497367402519
-1.54654654654655 0.609476902970067
-1.54054054054054 0.617419240289232
-1.53453453453453 0.625319548686346
-1.52852852852853 0.633172924222529
-1.52252252252252 0.640974392320948
-1.51651651651652 0.64871891052118
-1.51051051051051 0.65640137136006
-1.5045045045045 0.664016605378214
-1.4984984984985 0.67155938425129
-1.49249249249249 0.679024424044712
-1.48648648648649 0.68640638859059
-1.48048048048048 0.693699892985225
-1.47447447447447 0.700899507205459
-1.46846846846847 0.707999759841916
-1.46246246246246 0.714995141946991
-1.45645645645646 0.721880110995242
-1.45045045045045 0.728649094953652
-1.44444444444444 0.735296496459019
-1.43843843843844 0.74181669709954
-1.43243243243243 0.748204061797472
-1.42642642642643 0.75445294328953
-1.42042042042042 0.760557686701523
-1.41441441441441 0.766512634213522
-1.40840840840841 0.772312129811642
-1.4024024024024 0.777950524122392
-1.3963963963964 0.783422179325304
-1.39039039039039 0.788721474139399
-1.38438438438438 0.79384280887889
-1.37837837837838 0.798780610573302
-1.37237237237237 0.803529338147074
-1.36636636636637 0.80808348765351
-1.36036036036036 0.812437597557792
-1.35435435435435 0.816586254063649
-1.34834834834835 0.820524096478069
-1.34234234234234 0.824245822608374
-1.33633633633634 0.827746194185769
-1.33033033033033 0.83102004230943
-1.32432432432432 0.834062272904992
-1.31831831831832 0.836867872191263
-1.31231231231231 0.839431912148832
-1.30630630630631 0.841749555984181
-1.3003003003003 0.843816063582786
-1.29429429429429 0.845626796944658
-1.28828828828829 0.847177225595667
-1.28228228228228 0.848462931967958
-1.27627627627628 0.849479616742702
-1.27027027027027 0.850223104148394
-1.26426426426426 0.850689347207879
-1.25825825825826 0.850874432927265
-1.25225225225225 0.850774587419862
-1.24624624624625 0.850386180958315
-1.24024024024024 0.849705732948077
-1.23423423423423 0.848729916815424
-1.22822822822823 0.847455564803207
-1.22222222222222 0.845879672667637
-1.21621621621622 0.843999404269389
-1.21021021021021 0.841812096052449
-1.2042042042042 0.839315261404134
-1.1981981981982 0.836506594889876
-1.19219219219219 0.833383976356413
-1.18618618618619 0.829945474897154
-1.18018018018018 0.826189352673638
-1.17417417417417 0.822114068587099
-1.16816816816817 0.817718281794331
-1.16216216216216 0.813000855062192
-1.15615615615616 0.807960857955253
-1.15015015015015 0.802597569851286
-1.14414414414414 0.796910482779479
-1.13813813813814 0.790899304076452
-1.13213213213213 0.784563958855384
-1.12612612612613 0.777904592283759
-1.12012012012012 0.770921571665501
-1.11411411411411 0.76361548832348
-1.10810810810811 0.755987159278649
-1.1021021021021 0.748037628722317
-1.0960960960961 0.739768169278344
-1.09009009009009 0.731180283052312
-1.08408408408408 0.722275702465031
-1.07807807807808 0.713056390868006
-1.07207207207207 0.703524542938828
-1.06606606606607 0.693682584854731
-1.06006006006006 0.683533174242891
-1.05405405405405 0.673079199906358
-1.04804804804805 0.662323781324843
-1.04204204204204 0.65127026792991
-1.03603603603604 0.639922238154469
-1.03003003003003 0.628283498256794
-1.02402402402402 0.616358080919659
-1.01801801801802 0.604150243625496
-1.01201201201201 0.591664466808871
-1.00600600600601 0.5789054517879
-1 0.565878118476584
-0.993993993993994 0.552587602880404
-0.987987987987988 0.539039254377867
-0.981981981981982 0.525238632791054
-0.975975975975976 0.511191505248546
-0.96996996996997 0.496903842844509
-0.963963963963964 0.482381817098001
-0.957957957957958 0.467631796216962
-0.951951951951952 0.452660341171651
-0.945945945945946 0.437474201582652
-0.93993993993994 0.422080311428897
-0.933933933933934 0.40648578458146
-0.927927927927928 0.390697910169209
-0.921921921921922 0.374724147782714
-0.915915915915916 0.358572122523081
-0.90990990990991 0.342249619902723
-0.903903903903904 0.325764580605287
-0.897897897897898 0.309125095112295
-0.891891891891892 0.292339398204264
-0.885885885885886 0.275415863344339
-0.87987987987988 0.258362996952698
-0.873873873873874 0.24118943258019
-0.867867867867868 0.22390392498989
-0.861861861861862 0.206515344155423
-0.855855855855856 0.189032669185081
-0.84984984984985 0.171464982180902
-0.843843843843844 0.153821462042037
-0.837837837837838 0.136111378221789
-0.831831831831832 0.118344084447867
-0.825825825825826 0.100529012415408
-0.81981981981982 0.0826756654624044
-0.813813813813814 0.0647936122372139
-0.807807807807808 0.0468924803677659
-0.801801801801802 0.0289819501421416
-0.795795795795796 0.0110717482101029
-0.78978978978979 -0.00682835868491388
-0.783783783783784 -0.0247085699338923
-0.777777777777778 -0.0425590572411482
-0.771771771771772 -0.0603699707448877
-0.765765765765766 -0.0781314450704482
-0.75975975975976 -0.0958336053074659
-0.753753753753754 -0.113466572902422
-0.747747747747748 -0.131020471458331
-0.741741741741742 -0.148485432433591
-0.735735735735736 -0.165851600732347
-0.72972972972973 -0.183109140179099
-0.723723723723724 -0.20024823887063
-0.717717717717718 -0.217259114398785
-0.711711711711712 -0.234132018938052
-0.705705705705706 -0.250857244192378
-0.6996996996997 -0.267425126196168
-0.693693693693694 -0.283826049964921
-0.687687687687688 -0.300050453991578
-0.681681681681682 -0.316088834585189
-0.675675675675676 -0.331931750049151
-0.66966966966967 -0.347569824696949
-0.663663663663664 -0.362993752703945
-0.657657657657658 -0.378194301794511
-0.651651651651652 -0.393162316764519
-0.645645645645646 -0.407888722839907
-0.63963963963964 -0.422364528872881
-0.633633633633634 -0.436580830378022
-0.627627627627628 -0.450528812411437
-0.621621621621621 -0.464199752296885
-0.615615615615615 -0.47758502220364
-0.60960960960961 -0.490676091581717
-0.603603603603604 -0.503464529460943
-0.597597597597598 -0.515942006621194
-0.591591591591591 -0.528100297642015
-0.585585585585585 -0.539931282840688
-0.57957957957958 -0.551426950108687
-0.573573573573574 -0.562579396657305
-0.567567567567568 -0.573380830684092
-0.561561561561561 -0.583823572972592
-0.555555555555555 -0.593900058438655
-0.54954954954955 -0.603602837637423
-0.543543543543544 -0.61292457824585
-0.537537537537538 -0.621858066536354
-0.531531531531531 -0.630396208857913
-0.525525525525525 -0.63853203314159
-0.51951951951952 -0.646258690448082
-0.513513513513514 -0.653569456575491
-0.507507507507508 -0.66045773374601
-0.501501501501501 -0.666917052390721
-0.495495495495495 -0.672941073052076
-0.48948948948949 -0.678523588423988
-0.483483483483484 -0.68365852554973
-0.477477477477477 -0.688339948198007
-0.471471471471471 -0.692562059437706
-0.465465465465465 -0.696319204431821
-0.45945945945946 -0.699605873471002
-0.453453453453454 -0.702416705267003
-0.447447447447447 -0.704746490526041
-0.441441441441441 -0.706590175821697
-0.435435435435435 -0.707942867786559
-0.42942942942943 -0.708799837641145
-0.423423423423424 -0.709156526078013
-0.417417417417417 -0.709008548518111
-0.411411411411411 -0.708351700755471
-0.405405405405405 -0.70718196500532
-0.3993993993994 -0.705495516369456
-0.393393393393394 -0.703288729731463
-0.387387387387387 -0.700558187092867
-0.381381381381381 -0.697300685359781
-0.375375375375375 -0.693513244587901
-0.369369369369369 -0.689193116691879
-0.363363363363364 -0.684337794623177
-0.357357357357357 -0.678945022018411
-0.351351351351351 -0.673012803318035
-0.345345345345345 -0.666539414352906
-0.339339339339339 -0.659523413393831
-0.333333333333333 -0.651963652656721
-0.327327327327327 -0.643859290253308
-0.321321321321321 -0.6352098025747
-0.315315315315315 -0.626014997092207
-0.309309309309309 -0.616275025557008
-0.303303303303303 -0.605990397577265
-0.297297297297297 -0.595161994548259
-0.291291291291291 -0.583791083908064
-0.285285285285285 -0.571879333688135
-0.279279279279279 -0.559428827325087
-0.273273273273273 -0.546442078696728
-0.267267267267267 -0.532922047342277
-0.261261261261261 -0.518872153823547
-0.255255255255255 -0.504296295180719
-0.249249249249249 -0.489198860433244
-0.243243243243243 -0.473584746073417
-0.237237237237237 -0.457459371497109
-0.231231231231231 -0.440828694313386
-0.225225225225225 -0.423699225471842
-0.219219219219219 -0.406078044143907
-0.213213213213213 -0.387972812291837
-0.207207207207207 -0.369391788856728
-0.201201201201201 -0.350343843494718
-0.195195195195195 -0.330838469788529
-0.189189189189189 -0.310885797859715
-0.183183183183183 -0.290496606305406
-0.177177177177177 -0.269682333382007
-0.171171171171171 -0.248455087357267
-0.165165165165165 -0.226827655951272
-0.159159159159159 -0.204813514786477
-0.153153153153153 -0.182426834766641
-0.147147147147147 -0.159682488304631
-0.141141141141141 -0.136596054319555
-0.135135135135135 -0.113183821924372
-0.129129129129129 -0.0894627927263471
-0.123123123123123 -0.0654506816641592
-0.117117117117117 -0.0411659163073366
-0.111111111111111 -0.0166276345459357
-0.105105105105105 0.00814431939897131
-0.099099099099099 0.0331294007105117
-0.0930930930930929 0.0583063715199647
-0.0870870870870872 0.0836533103187653
-0.0810810810810811 0.109147623293697
-0.075075075075075 0.134766057635851
-0.069069069069069 0.160484716869048
-0.0630630630630629 0.186279078238088
-0.0570570570570572 0.212124012191573
-0.0510510510510511 0.237993803988047
-0.045045045045045 0.263862177447831
-0.0390390390390389 0.289702320866348
-0.0330330330330328 0.315486915097703
-0.0270270270270272 0.341188163810108
-0.0210210210210211 0.366777825907193
-0.015015015015015 0.392227250101546
-0.00900900900900892 0.41750741161886
-0.00300300300300282 0.44258895100293
0.00300300300300282 0.467442214983461
0.00900900900900892 0.492037299360225
0.015015015015015 0.516344093848576
0.0210210210210211 0.540332328822818
0.0270270270270272 0.563971623885246
0.0330330330330328 0.587231538180165
0.0390390390390389 0.610081622363604
0.045045045045045 0.632491472130995
0.0510510510510511 0.6544307831968
0.0570570570570572 0.675869407611834
0.0630630630630629 0.696777411296115
0.069069069069069 0.717125132657344
0.075075075075075 0.73688324215764
0.0810810810810811 0.756022802684096
0.0870870870870872 0.774515330571899
0.0930930930930929 0.792332857122432
0.099099099099099 0.809447990452854
0.105105105105105 0.825833977508144
0.111111111111111 0.841464766061736
0.117117117117117 0.85631506652637
0.123123123123123 0.870360413393019
0.129129129129129 0.883577226112483
0.135135135135135 0.895942869231624
0.141141141141141 0.907435711594325
0.147147147147147 0.918035184415912
0.153153153153153 0.927721838039265
0.159159159159159 0.936477397180954
0.165165165165165 0.944284814476631
0.171171171171171 0.951128322136518
0.177177177177177 0.956993481524219
0.183183183183183 0.961867230475178
0.189189189189189 0.965737928175033
0.195195195195195 0.968595397422726
0.201201201201201 0.970430964108628
0.207207207207207 0.971237493744095
0.213213213213213 0.971009424885697
0.219219219219219 0.969742799304988
0.225225225225225 0.96743528876291
0.231231231231231 0.964086218256911
0.237237237237237 0.959696585618416
0.243243243243243 0.954269077348502
0.249249249249249 0.947808080590425
0.255255255255255 0.940319691148949
0.261261261261261 0.931811717478287
0.267267267267267 0.922293680572748
0.273273273273273 0.911776809706893
0.279279279279279 0.900274033985101
0.285285285285285 0.887799969673829
0.291291291291291 0.874370903303562
0.297297297297297 0.86000477054127
0.303303303303303 0.844721130848299
0.309309309309309 0.828541137952726
0.315315315315315 0.811487506179412
0.321321321321321 0.793584472695163
0.327327327327327 0.774857755740495
0.333333333333333 0.75533450893348
0.339339339339339 0.735043271744911
0.345345345345345 0.714013916257539
0.351351351351351 0.692277590335367
0.357357357357357 0.669866657341776
0.363363363363364 0.646814632557726
0.369369369369369 0.623156116463188
0.375375375375375 0.598926725056331
0.381381381381381 0.574163017395885
0.387387387387387 0.548902420562206
0.393393393393394 0.523183152242128
0.3993993993994 0.497044141151476
0.405405405405405 0.470524945517129
0.411411411411411 0.443665669847742
0.417417417417417 0.416506880228721
0.423423423423424 0.389089518382461
0.42942942942943 0.361454814739657
0.435435435435435 0.333644200771154
0.441441441441441 0.305699220832691
0.447447447447447 0.277661443776795
0.453453453453454 0.249572374586995
0.45945945945946 0.221473366289567
0.465465465465465 0.19340553239708
0.471471471471471 0.165409660136084
0.477477477477477 0.137526124708513
0.483483483483484 0.109794804832558
0.48948948948949 0.0822549998041467
0.495495495495495 0.0549453483146226
0.501501501501501 0.0279037492537608
0.507507507507508 0.00116728472008279
0.513513513513514 -0.0252278545476888
0.51951951951952 -0.0512464411129442
0.525525525525525 -0.0768542799617395
0.531531531531531 -0.102018274616291
0.537537537537538 -0.126706490066925
0.543543543543544 -0.150888212359509
0.54954954954955 -0.174534004687326
0.555555555555555 -0.197615759848839
0.561561561561561 -0.220106748945727
0.567567567567568 -0.241981666208797
0.573573573573574 -0.263216669853061
0.57957957957958 -0.283789418877039
0.585585585585585 -0.303679105735477
0.591591591591591 -0.322866484828854
0.597597597597598 -0.341333896767313
0.603603603603604 -0.359065288381001
0.60960960960961 -0.376046228463047
0.615615615615615 -0.392263919245593
0.621621621621621 -0.407707203623314
0.627627627627628 -0.422366568152671
0.633633633633634 -0.436234141868731
0.63963963963964 -0.449303690974557
0.645645645645646 -0.46157060947113
0.651651651651652 -0.473031905808131
0.657657657657658 -0.483686185647996
0.663663663663664 -0.49353363084707
0.66966966966967 -0.502575974768717
0.675675675675676 -0.510816474053537
0.681681681681682 -0.518259876981667
0.687687687687688 -0.5249123885712
0.693693693693694 -0.530781632565219
0.6996996996997 -0.535876610467693
0.705705705705706 -0.540207657795489
0.711711711711712 -0.543786397720047
0.717717717717718 -0.546625692277818
0.723723723723724 -0.548739591333354
0.72972972972973 -0.550143279482941
0.735735735735736 -0.550853021089962
0.741741741741742 -0.55088610364563
0.747747747747748 -0.550260779650501
0.753753753753754 -0.548996207213145
0.75975975975976 -0.547112389562581
0.765765765765766 -0.544630113670634
0.771771771771772 -0.54157088817913
0.777777777777778 -0.537956880825002
0.783783783783784 -0.533810855553789
0.78978978978979 -0.529156109508853
0.795795795795796 -0.524016410079786
0.801801801801802 -0.518415932189134
0.807807807807808 -0.512379195991552
0.813813813813814 -0.505931005154096
0.81981981981982 -0.499096385880363
0.825825825825826 -0.491900526834787
0.831831831831832 -0.484368720116606
0.837837837837838 -0.476526303425775
0.843843843843844 -0.468398603555635
0.84984984984985 -0.460010881339256
0.855855855855856 -0.451388278168348
0.861861861861862 -0.442555764195297
0.867867867867868 -0.433538088320435
0.873873873873874 -0.424359730058026
0.87987987987988 -0.415044853365742
0.885885885885886 -0.405617262513649
0.891891891891892 -0.396100360059894
0.897897897897898 -0.386517106991539
0.903903903903904 -0.376889985080243
0.90990990990991 -0.367240961493839
0.915915915915916 -0.357591455696315
0.921921921921922 -0.347962308660342
0.927927927927928 -0.338373754408258
0.933933933933934 -0.328845393889415
0.93993993993994 -0.319396171194029
0.945945945945946 -0.310044352096117
0.951951951951952 -0.300807504910895
0.957957957957958 -0.291702483645022
0.963963963963964 -0.28274541341145
0.96996996996997 -0.273951678074336
0.975975975975976 -0.265335910083489
0.981981981981982 -0.256911982452224
0.987987987987988 -0.24869300282726
0.993993993993994 -0.240691309594404
1 -0.23291846995932
1.00600600600601 -0.225385279938517
1.01201201201201 -0.218101766192028
1.01801801801802 -0.211077189625908
1.02402402402402 -0.204320050689697
1.03003003003003 -0.197838096291519
1.03603603603604 -0.191638328251207
1.04204204204204 -0.185727013210123
1.04804804804805 -0.180109693914858
1.05405405405405 -0.174791201790899
1.06006006006006 -0.169775670721674
1.06606606606607 -0.165066551947897
1.07207207207207 -0.160666630002139
1.07807807807808 -0.156578039593723
1.08408408408408 -0.152802283359601
1.09009009009009 -0.149340250397668
1.0960960960961 -0.146192235500045
1.1021021021021 -0.143357959005191
1.10810810810811 -0.140836587189264
1.11411411411411 -0.138626753118925
1.12012012012012 -0.136726577889768
1.12612612612613 -0.135133692176697
1.13213213213213 -0.133845258024943
1.13813813813814 -0.13285799081284
1.14414414414414 -0.132168181320133
1.15015015015015 -0.1317717178383
1.15615615615616 -0.131664108262193
1.16216216216216 -0.131840502105232
1.16816816816817 -0.132295712383341
1.17417417417417 -0.133024237315875
1.18018018018018 -0.134020281794816
1.18618618618619 -0.135277778576667
1.19219219219219 -0.136790409154506
1.1981981981982 -0.138551624270825
1.2042042042042 -0.140554664034819
1.21021021021021 -0.142792577610876
1.21621621621622 -0.145258242448026
1.22222222222222 -0.147944383023069
1.22822822822823 -0.150843589073042
1.23423423423423 -0.15394833329551
1.24024024024024 -0.157250988497951
1.24624624624625 -0.160743844180189
1.25225225225225 -0.164419122536443
1.25825825825826 -0.168268993866058
1.26426426426426 -0.172285591384413
1.27027027027027 -0.176461025427788
1.27627627627628 -0.180787397048202
1.28228228228228 -0.185256810996284
1.28828828828829 -0.189861388092278
1.29429429429429 -0.194593276987094
1.3003003003003 -0.199444665317106
1.30630630630631 -0.204407790258027
1.31231231231231 -0.2094749484847
1.31831831831832 -0.214638505545074
1.32432432432432 -0.219890904657923
1.33033033033033 -0.225224674945024
1.33633633633634 -0.230632439109638
1.34234234234234 -0.236106920574038
1.34834834834835 -0.241640950089748
1.35435435435435 -0.247227471834871
1.36036036036036 -0.25285954901356
1.36636636636637 -0.258530368973277
1.37237237237237 -0.264233247855889
1.37837837837838 -0.269961634799118
1.38438438438438 -0.275709115705092
1.39039039039039 -0.281469416592999
1.3963963963964 -0.287236406552998
1.4024024024024 -0.293004100318575
1.40840840840841 -0.298766660474588
1.41441441441441 -0.304518399318153
1.42042042042042 -0.310253780389408
1.42642642642643 -0.315967419689067
1.43243243243243 -0.321654086599384
1.43843843843844 -0.327308704524966
1.44444444444444 -0.33292635126949
1.45045045045045 -0.338502259164111
1.45645645645646 -0.344031814962905
1.46246246246246 -0.349510559520341
1.46846846846847 -0.354934187265313
1.47447447447447 -0.360298545485822
1.48048048048048 -0.36559963343792
1.48648648648649 -0.370833601292066
1.49249249249249 -0.375996748929502
1.4984984984985 -0.381085524600792
1.5045045045045 -0.386096523458131
1.51051051051051 -0.391026485972508
1.51651651651652 -0.395872296246314
1.52252252252252 -0.400630980231425
1.52852852852853 -0.405299703862325
1.53453453453453 -0.409875771113282
1.54054054054054 -0.414356621988097
1.54654654654655 -0.41873983045047
1.55255255255255 -0.42302310230252
1.55855855855856 -0.427204273018515
1.56456456456456 -0.431281305540443
1.57057057057057 -0.435252288041557
1.57657657657658 -0.439115431663631
1.58258258258258 -0.442869068233227
1.58858858858859 -0.44651164796187
1.59459459459459 -0.450041737134644
1.6006006006006 -0.453458015791348
1.60660660660661 -0.456759275403993
1.61261261261261 -0.459944416554095
1.61861861861862 -0.463012446612883
1.62462462462462 -0.465962477427252
1.63063063063063 -0.468793723013982
1.63663663663664 -0.471505497264518
1.64264264264264 -0.474097211662294
1.64864864864865 -0.476568373014396
1.65465465465465 -0.478918581199119
1.66066066066066 -0.481147526930759
1.66666666666667 -0.48325498954282
1.67267267267267 -0.485240834790603
1.67867867867868 -0.487105012674018
1.68468468468468 -0.488847555281294
1.69069069069069 -0.490468574654123
1.6966966966967 -0.491968260674688
1.7027027027027 -0.493346878974863
1.70870870870871 -0.494604768867818
1.71471471471471 -0.495742341302171
1.72072072072072 -0.496760076838716
1.72672672672673 -0.497658523649747
1.73273273273273 -0.498438295540897
1.73873873873874 -0.499100069995369
1.74474474474474 -0.499644586240428
1.75075075075075 -0.500072643335929
1.75675675675676 -0.500385098284706
1.76276276276276 -0.500582864164551
1.76876876876877 -0.50066690828156
1.77477477477477 -0.500638250344564
1.78078078078078 -0.500497960660408
1.78678678678679 -0.500247158349794
1.79279279279279 -0.499887009583443
1.7987987987988 -0.499418725838315
1.8048048048048 -0.498843562173659
1.81081081081081 -0.498162815526657
1.81681681681682 -0.497377823027453
1.82282282282282 -0.49648996033337
1.82882882882883 -0.495500639982155
1.83483483483483 -0.494411309764067
1.84084084084084 -0.493223451112707
1.84684684684685 -0.491938577514459
1.85285285285285 -0.490558232936454
1.85885885885886 -0.489083990273
1.86486486486486 -0.487517449810417
1.87087087087087 -0.485860237710276
1.87687687687688 -0.484114004511025
1.88288288288288 -0.482280423648032
1.88888888888889 -0.48036118999209
1.89489489489489 -0.478358018406438
1.9009009009009 -0.476272642322391
1.90690690690691 -0.474106812333672
1.91291291291291 -0.471862294809573
1.91891891891892 -0.469540870527067
1.92492492492492 -0.46714433332203
1.93093093093093 -0.464674488759735
1.93693693693694 -0.462133152824784
1.94294294294294 -0.459522150630684
1.94894894894895 -0.456843315149238
1.95495495495495 -0.454098485959978
1.96096096096096 -0.451289508019837
1.96696696696697 -0.448418230453286
1.97297297297297 -0.445486505363153
1.97897897897898 -0.442496186662354
1.98498498498498 -0.439449128926754
1.99099099099099 -0.436347186269398
1.996996996997 -0.433192211236326
2.003003003003 -0.429986053724206
2.00900900900901 -0.426730559919999
2.01501501501502 -0.423427571262888
2.02102102102102 -0.420078923428656
2.02702702702703 -0.416686445336749
2.03303303303303 -0.413251958180209
2.03903903903904 -0.409777274478659
2.04504504504505 -0.406264197154538
2.05105105105105 -0.402714518632747
2.05705705705706 -0.39913001996387
2.06306306306306 -0.395512469971116
2.06906906906907 -0.391863624421128
2.07507507507508 -0.388185225218768
2.08108108108108 -0.384478999626006
2.08708708708709 -0.380746659505003
2.09309309309309 -0.376989900585465
2.0990990990991 -0.373210401756345
2.10510510510511 -0.369409824381947
2.11111111111111 -0.365589811642464
2.11711711711712 -0.361751987898974
2.12312312312312 -0.357897958082904
2.12912912912913 -0.35402930710995
2.13513513513514 -0.350147599318428
2.14114114114114 -0.346254377932012
2.14714714714715 -0.342351164546807
2.15315315315315 -0.338439458642674
2.15915915915916 -0.334520737118726
2.16516516516517 -0.330596453852879
2.17117117117117 -0.326668039285343
2.17717717717718 -0.322736900025907
2.18318318318318 -0.318804418484875
2.18918918918919 -0.314871952527465
2.1951951951952 -0.310940835151506
2.2012012012012 -0.307012374188216
2.20720720720721 -0.303087852025853
2.21321321321321 -0.299168525356018
2.21921921921922 -0.295255624942339
2.22522522522523 -0.291350355411319
2.23123123123123 -0.287453895065036
2.23723723723724 -0.283567395715436
2.24324324324324 -0.279691982539923
2.24924924924925 -0.27582875395792
2.25525525525526 -0.271978781528093
2.26126126126126 -0.26814310986591
2.26726726726727 -0.264322756581181
2.27327327327327 -0.260518712235228
2.27927927927928 -0.256731940317334
2.28528528528529 -0.252963377240083
2.29129129129129 -0.24921393235322
2.2972972972973 -0.245484487975635
2.3033033033033 -0.241775899445081
2.30930930930931 -0.238088995185209
2.31531531531532 -0.23442457678953
2.32132132132132 -0.230783419121851
2.32732732732733 -0.227166270432804
2.33333333333333 -0.223573852491997
2.33933933933934 -0.220006860735385
2.34534534534535 -0.216465964427407
2.35135135135135 -0.212951806837442
2.35735735735736 -0.209465005430159
2.36336336336336 -0.206006152069285
2.36936936936937 -0.202575813234367
2.37537537537538 -0.199174530250056
2.38138138138138 -0.195802819527466
2.38738738738739 -0.192461172817159
2.39339339339339 -0.189150057473291
2.3993993993994 -0.185869916728465
2.40540540540541 -0.182621169978846
2.41141141141141 -0.179404213079075
2.41741741741742 -0.17621941864653
2.42342342342342 -0.173067136374486
2.42942942942943 -0.169947693353725
2.43543543543544 -0.166861394402159
2.44144144144144 -0.163808522401994
2.44744744744745 -0.160789338644038
2.45345345345345 -0.157804083178678
2.45945945945946 -0.154852975173123
2.46546546546547 -0.151936213274463
2.47147147147147 -0.149053975978141
2.47747747747748 -0.146206422001406
2.48348348348348 -0.143393690661339
2.48948948948949 -0.14061590225705
2.4954954954955 -0.137873158455642
2.5015015015015 -0.13516554268154
2.50750750750751 -0.132493120508811
2.51351351351351 -0.129855940056083
2.51951951951952 -0.12725403238369
2.52552552552553 -0.124687411892681
2.53153153153153 -0.122156076725324
2.53753753753754 -0.11966000916676
2.54354354354354 -0.117199176047456
2.54954954954955 -0.114773529146128
2.55555555555556 -0.112383005592789
2.56156156156156 -0.110027528271622
2.56756756756757 -0.107707006223345
2.57357357357357 -0.105421335046777
2.57957957957958 -0.103170397299299
2.58558558558559 -0.100954062895935
2.59159159159159 -0.0987721895067514
2.5975975975976 -0.0966246229523376
2.6036036036036 -0.0945111975970681
2.60960960960961 -0.0924317367399235
2.61561561561562 -0.0903860530026108
2.62162162162162 -0.0883739487147488
2.62762762762763 -0.0863952162958984
2.63363363363363 -0.0844496386342105
2.63963963963964 -0.08253698946149
2.64564564564565 -0.080657033724474
2.65165165165165 -0.0788095279521267
2.65765765765766 -0.0769942206187783
2.66366366366366 -0.0752108525029225
2.66966966966967 -0.0734591570415162
2.67567567567568 -0.0717388606796197
2.68168168168168 -0.0700496832152266
2.68768768768769 -0.0683913381391502
2.69369369369369 -0.066763532969826
2.6996996996997 -0.0651659695829123
2.70570570570571 -0.0635983445355726
2.71171171171171 -0.0620603493853271
2.71771771771772 -0.0605516710033814
2.72372372372372 -0.0590719918823322
2.72972972972973 -0.0576209904381719
2.73573573573574 -0.0561983413065122
2.74174174174174 -0.0548037156329557
2.74774774774775 -0.0534367813575582
2.75375375375375 -0.0520972034933193
2.75975975975976 -0.0507846443986612
2.76576576576577 -0.0494987640438457
2.77177177177177 -0.0482392202713021
2.77777777777778 -0.047005669049833
2.78378378378378 -0.0457977647226764
2.78978978978979 -0.0446151602494111
2.7957957957958 -0.0434575074416912
2.8018018018018 -0.0423244571928097
2.80780780780781 -0.0412156597010911
2.81381381381381 -0.0401307646871184
2.81981981981982 -0.0390694216048107
2.82582582582583 -0.038031279846366
2.83183183183183 -0.0370159889410927
2.83783783783784 -0.0360231987481584
2.84384384384384 -0.0350525596432852
2.84984984984985 -0.0341037226994324
2.85585585585586 -0.0331763398615018
2.86186186186186 -0.0322700641151162
2.86786786786787 -0.0313845496495169
2.87387387387387 -0.0305194520146316
2.87987987987988 -0.029674428272374
2.88588588588589 -0.0288491371422285
2.89189189189189 -0.0280432391411886
2.8978978978979 -0.0272563967181119
2.9039039039039 -0.0264882743825609
2.90990990990991 -0.025738538828204
2.91591591591592 -0.0250068590508478
2.92192192192192 -0.0242929064611798
2.92792792792793 -0.0235963549923014
2.93393393393393 -0.0229168812021294
2.93993993993994 -0.022254164370754
2.94594594594595 -0.0216078865928342
2.95195195195195 -0.0209777328651208
2.95795795795796 -0.0203633911691944
2.96396396396396 -0.0197645525495077
2.96996996996997 -0.019180911186825
2.97597597597598 -0.0186121644671504
2.98198198198198 -0.0180580130462377
2.98798798798799 -0.0175181609097784
2.99399399399399 -0.0169923154293601
3 -0.0164801874142943
