15 -1.77409949433641 0.00232816721640236


0 10 5
0.00601970813078403 9.78665621991542 5.21033055430688
0.0118203612601332 9.57396341849034 5.41469958215667
0.0175889708911 9.35609062957263 5.61893300994532
0.0234615279870122 9.12841357207267 5.827164000094
0.0295581815143154 8.88651071995111 6.04288871906064
0.0360105460308445 8.62524976416427 6.26975991915405
0.0429955983463957 8.33749950455061 6.51251894562137
0.0508021857606645 8.01145476646947 6.77875867343272
0.0588083501954669 7.67412023599187 7.04445313828532
0.0658644516613797 7.37593771683403 7.27102582827702
0.0721857794048246 7.10926367896039 7.46694093727393
0.0782701302420738 6.85390790666 7.64841784675283
0.0837693098130416 6.62489874645829 7.8059160175162
0.0890983636358686 6.40514550514983 7.95218783738892
0.0942411064182767 6.19555552313788 8.08707696295502
0.0992056958048195 5.9959187005469 8.21118149739847
0.104011066324349 5.80552280667825 8.32537418149483
0.108679580694139 5.62349065447534 8.43056025831669
0.113233420638763 5.44894730489439 8.52757078379329
0.117693036177386 5.28109287527896 8.61712591288464
0.122076653077829 5.11922659139862 8.69983122422584
0.126400285262894 4.96274752017001 8.77618781180613
0.130677961611385 4.81114539102965 8.84660671955011
0.134922021897911 4.66398821516102 8.91142345086225
0.139143413879597 4.52090984126999 8.97091085729887
0.143351963249202 4.38159875319645 9.02528992829754
0.147556607785932 4.2457885130333 9.07473853737188
0.151765596150522 4.11324983807533 9.11939840038431
0.155986655551229 3.98378413097707 9.15938054729182
0.160227133678906 3.85721823341804 9.1947695888592
0.164494120288513 3.73340017894727 9.22562701678569
0.168794553310374 3.61219574759335 9.25199372878661
0.173135313760689 3.49348565739677 9.27389192726842
0.177523313151687 3.37716325912517 9.29132650376868
0.181965576647675 3.2631326273312 9.30428599130306
0.186469324899859 3.15130696296535 9.31274314219991
0.191042057328014 3.0416072402373 9.31665516863308
0.195691639605216 2.9339610439366 9.31596366558576
0.20042639825141 2.82830155362987 9.31059422014721
0.205255225571289 2.72456663862504 9.30045569564958
0.210187698715641 2.62269803278093 9.28543916294535
0.215234217458559 2.5226405614451 9.26541643269566
0.220406166452578 2.42434139416619 9.24023812014245
0.225716109383208 2.32774929631627 9.20973114514189
0.231178024797491 2.23281385012217 9.17369553193704
0.236807596742728 2.13948461029744 9.13190032034744
0.242622578214366 2.0477101505046 9.08407832524333
0.248643252563009 1.95743694258113 9.02991937249203
0.254867075363082 1.8689662705214 8.96932408252519
0.261282914385291 1.78267804432868 8.90233619530902
0.267889079137956 1.69877643392467 8.82896340138812
0.274690183364041 1.61736181293955 8.74918182691413
0.281695176849733 1.53847458706279 8.66294157208061
0.288916154355628 1.46212135675954 8.57017189196352
0.296367668199994 1.38829029458691 8.47078555375284
0.304066364418188 1.31696005473837 8.36468234821169
0.312030827828841 1.24810485098969 8.25175190997204
0.320281564685279 1.18169728585252 8.13187605001896
0.328841079510097 1.11770987094684 8.00493079877674
0.337734020432826 1.05611579255874 7.8707883362412
0.346987378529974 0.996889246906128 7.72931896313665
0.356630733711539 0.940005534296773 7.58039325062451
0.366696544139793 0.885441022050382 7.42388449751076
0.3772204789498 0.833173039899574 7.25967162310055
0.38824179572416 0.783179744979608 7.08764263005681
0.399803765053816 0.735439978423465 6.90769878389427
0.411954144701977 0.689933127274983 6.71975967311285
0.424745705337443 0.646639001158151 6.52376933536234
0.438236808329569 0.605537731290819 6.31970365902856
0.45249203334917 0.566609699075029 6.10757929415961
0.467582848941155 0.529835502084803 5.88746432846434
0.483271969247048 0.495838276341182 5.66393587718234
0.498844221460051 0.465823044492609 5.44779006919557
0.513956588006046 0.439806642462776 5.24372593679942
0.528496207194403 0.41732757674579 5.05285288424436
0.542466726764079 0.397821194372574 4.87458422376429
0.555920617957369 0.380769245472162 4.70770853451155
0.56892463379534 0.365741168827339 4.55090357226827
0.581544199602782 0.352393039648816 4.40294796342358
0.593837428998485 0.340453651182261 4.26278792371302
0.605853641437362 0.329709090858192 4.12954121235855
0.617633792430662 0.319989454539879 4.00247763734449
0.62921158256895 0.311158389481205 3.88099361909239
0.640614692098495 0.303105173442613 3.76458791958715
0.651865916094456 0.295738806668626 3.65284092595835
0.662984127414878 0.288983620709841 3.54539786466032
0.673985061081808 0.282776004093231 3.44195555358019
0.684881939595797 0.277061943048632 3.34225207937581
0.695685966011005 0.2717951565496 3.24605879291283
0.706406711005443 0.266935666462871 3.15317410076029
0.717052416674066 0.2624486885228 3.06341863231409
0.727630235607385 0.258303762018933 2.9766314555013
0.738146419932537 0.25447405893218 2.89266709149211
0.748606471707069 0.250935829447578 2.81139313989864
0.759015263412833 0.247667952271363 2.73268837269237
0.769377135232821 0.24465156638648 2.65644119029235
0.779695974208417 0.241869766776549 2.58254835957323
0.789975279169272 0.23930735091858 2.51091397309606
0.800218214416537 0.236950605965594 2.44144858339548
0.810427654452218 0.234787128843108 2.37406847697384
0.820606221527952 0.232805673199507 2.30869506073547
0.830756317393343 0.230996018442037 2.24525433966345
0.840880150325342 0.229348857072078 2.18367646912696
0.850979758292243 0.227855697287113 2.12389536869529
0.861057028930955 0.226508778400836 2.06584838700731
0.8711137168812 0.225300997089443 2.00947600930876
0.881151458915346 0.224225842832227 1.95472160087515
0.891171787220571 0.223277341200823 1.90153118079691
0.901176141125409 0.222450003880731 1.84985322159772
0.911165877511593 0.221738784493766 1.7996384709486
0.921142280111243 0.221139039440351 1.75083979237455
0.931106567856725 0.22064649310345 1.70341202236229
0.941059902424041 0.220257206856961 1.65731184169384
0.951003395089233 0.219967551405021 1.61249765917003
0.960938112999738 0.219774182048141 1.56892950616767
0.970865084948402 0.219674016530233 1.5265689407048
0.980785306726086 0.219664215169398 1.48537895988038
0.990699746119134 0.21974216301656 1.44532391971486
1.00060934761004 0.219905453820952 1.40636946155235
1.01051503683303 0.22015187561128 1.36848244429845
1.02041772483091 0.220479397726818 1.33163088186342
1.03031831215506 0.220886159154637 1.29578388526161
1.04021769284682 0.221370458048069 1.26091160888765
1.05011675833555 0.221930742317943 1.22698520054892
1.06001640128643 0.222565601202474 1.19397675488503
1.06991751942893 0.223273757734219 1.16185926984857
1.0798210193959 0.224054062033673 1.13060660595965
1.08972782060182 0.22490548536886 1.10019344807934
1.09963885918847 0.225827114929146 1.07059526947596
1.10955509206567 0.226818149269416 1.04178829798273
1.1194775010749 0.227877894387987 1.01374948406746
1.1294070973039 0.229005760408276 0.986456470654063
1.13934492558055 0.230201258840373 0.959887564552094
1.14932439663823 0.231468218407566 0.933938889817242
1.15939856364431 0.232814105687831 0.908467498494914
1.16960220066476 0.234245218416084 0.883389522074362
1.17995923763873 0.235767203447433 0.858655763724569
1.19048716608606 0.23738540062124 0.834237597250531
1.20119969890903 0.239105077718632 0.810118687781955
1.21210839827406 0.240931596378669 0.786290082620291
1.22322368395533 0.242870534326136 0.762747283598943
1.23455546642492 0.244927780486801 0.739488495686435
1.24611355182841 0.247109614057571 0.716513577832408
1.2579079084566 0.249422775070709 0.693823414471236
1.2699488497195 0.251874531718692 0.671419539484583
1.28224716761452 0.254472748255444 0.649303911838632
1.29481423785457 0.257225956388929 0.627478782407264
1.30766210998119 0.260143432555295 0.605946615651959
1.32080359100408 0.263235283203613 0.584710044338098
1.33425232821043 0.266512540151267 0.56377184418738
1.34802289505932 0.269987268149635 0.543134920608368
1.3621308830803 0.273672687004065 0.522802302798572
1.37659300216434 0.277583310911692 0.502777142405782
1.3914271914071 0.28173510811763 0.483062715074913
1.40665274264277 0.28614568455627 0.463662423891108
1.42229043893705 0.290834495861476 0.444579804141699
1.43836271056079 0.295823093029342 0.425818529068016
1.45489381133213 0.301135408143911 0.407382416428531
1.47191001869564 0.30679808798924 0.389275435786838
1.48943986151694 0.312840885149356 0.371501716495342
1.50751438033055 0.319297118446076 0.354065556382352
1.52616742572324 0.326204217423382 0.336971431175409
1.54543600170695 0.333604369244165 0.32022400471221
1.56536066239667 0.341545291074391 0.303828140005869
1.5859859721377 0.350081157136671 0.287788911245614
1.60736104152991 0.359273717594111 0.272111616828958
1.62954015471409 0.36919365693284 0.256801793538342
1.65258350700754 0.379922253466367 0.241865231995705
1.67655807675786 0.39155342028447 0.227307993554215
1.70153866147613 0.404196233266984 0.213136428820284
1.72760911639619 0.4179780863568 0.199357198044735
1.75486384425669 0.433048662054539 0.185977293685822
1.78340959926607 0.449584971868117 0.173004065538312
1.81336768723471 0.467797815957855 0.160445248957508
1.84487666969196 0.48794014679638 0.14830899691042
1.87809571529122 0.510318019007459 0.136603916900755
1.91274858722101 0.534967913396202 0.125479391137316
1.94794360752183 0.561432818308262 0.115210592917016
1.9830770463392 0.589358049807568 0.105897854033052
2.01776189105571 0.618476170434973 0.097537683764276
2.05176353649233 0.648588638910226 0.0900723138377257
2.08495009572159 0.679549081803816 0.0834203148132361
2.11725683568391 0.711249669160198 0.0774939513331364
2.1486618054898 0.743610638470633 0.0722082289089447
2.17916958244934 0.776572501809963 0.0674850868867224
2.2088006325949 0.810090364931658 0.0632549091173444
2.23758444729569 0.84412983768498 0.0594566369853076
2.26555517526146 0.878664112286034 0.0560372129689528
2.29274888418625 0.913671884459763 0.0529507521219765
2.31920187733594 0.949135876366106 0.0501576490776904
2.34494968794114 0.985041786232515 0.0476237222687344
2.37002650576999 1.02137753931613 0.0453194395517292
2.3946004915608 1.05834074939923 0.0432079936356706
2.418860272525 1.09619630320724 0.041257077493916
2.44292250912456 1.13513164773255 0.0394451256554675
2.46686006532488 1.17528597348925 0.0377569027227237
2.49071875786557 1.2167682217525 0.0361810253723116
2.51452753949644 1.2596684535935 0.0347085353072622
2.53830478318197 1.3040651449151 0.033332061778491
2.56206219856405 1.35002992334996 0.0320453221908404
2.58580728871373 1.39763067393482 0.0308428196114966
2.6095448979294 1.44693359417588 0.029719656298115
2.63327818981275 1.4980045682929 0.028671416271073
2.65700926672126 1.55091009881135 0.027694089396385
2.68073956285279 1.60571795006048 0.0267840207427988
2.7044700941932 1.66249760439531 0.0259378756004862
2.72820161786262 1.72132059715572 0.025152614457621
2.75193473409007 1.78226077372468 0.0244254745495641
2.77566995186814 1.84539449726426 0.0237539559772941
2.79940773164312 1.91080082604753 0.023135811220624
2.82314851352627 1.97856167299115 0.0225690373738483
2.8468927364295 2.04876195587665 0.0220518707408587
2.87064085157675 2.12148974407475 0.0215827836232439
2.89439333260805 2.19683640586679 0.0211604832662614
2.91815068371353 2.27489675937087 0.0207839130227454
2.94191344674484 2.35576922941743 0.0204522558718099
2.96568220794574 2.439556012347 0.0201649404990153
2.98945760475701 2.52636325053418 0.0199216502152324
3.0132403330403 2.61630121842437 0.0197223350686131
3.03703115500592 2.70948452197173 0.019567227592905
3.06083090810475 2.80603231357372 0.0194568627408297
3.08464051514393 2.90606852490635 0.0193921026789071
3.10846099590557 3.00972212048023 0.0193741672765579
3.1322934805842 3.1171273752781 0.0194046713157546
3.1561392254119 3.22842418052247 0.0194856696884156
3.17999963091193 3.34375838249374 0.0196197121507427
3.20387626331476 3.46328216042279 0.0198099095846456
3.22777087978979 3.58715445088277 0.0200600141998922
3.25168545829908 3.71554142788959 0.0203745167282292
3.27562223307492 3.84861705020893 0.0207587644548907
3.29958373697512 3.98656369031726 0.0212191049613583
3.32357285229609 4.12957286329501 0.0217630617950499
3.34759287204911 4.27784607894025 0.0223995500463209
3.37164757426505 4.43159584699945 0.0231391421540523
3.39574131263574 4.5910468742027 0.0239943973951805
3.41987912779641 4.75643750359904 0.0249802727518513
3.44406688490399 4.92802146271341 0.0261146386443651
3.4683114450197 5.10607000904657 0.0274189310349897
3.49262088037961 5.29087459201809 0.0289189826451011
3.5170047472714 5.48275019354566 0.030646092007512
3.54147443544253 5.68203957111517 0.0326384121616832
3.56604362056222 5.88911871693513 0.0349427747446212
3.59072885756243 6.10440397987209 0.0376171161321
3.61555036987383 6.32836149853853 0.0407337503114344
3.64053311637704 6.56151990693727 0.0443838557747242
3.6657082608722 6.80448777346357 0.0486837418769236
3.69111524004834 7.05797805627377 0.0537837908186809
3.71680474824541 7.32284326197781 0.059881544218526
3.74284317675745 7.60012749642529 0.0672414391856546
3.76931945980656 7.89114628605429 0.0762256706104247
3.79635611135646 8.19761439284442 0.0873446472805458
3.82412803875862 8.52186192151134 0.101344219854417
3.85289701290927 8.8672264677999 0.119367770957625
3.88308127955966 9.23883625472603 0.143288160657247
3.91541718414062 9.64540572108639 0.176488826365567
3.95142735971797 10.1043667785812 0.226152893469643
3.98808208850577 10.5709409280727 0.296111283158775
4.02242116093056 10.9972268487439 0.387046693008889
4.04854801278958 11.3058721564761 0.478919396904178
4.06964386995266 11.5388598840506 0.571919805066339
4.08746502936905 11.7198228074494 0.666785855823647
4.10206140858175 11.8541188683027 0.757745490981832
4.11525188870362 11.9622560150975 0.851888546764488
4.12709250173337 12.0467048479043 0.947353726844947
4.13779682171566 12.111196550286 1.04362570105309
4.14757879708061 12.1589956831512 1.14072705718585
4.15704244179302 12.1939303390716 1.24373063658813
4.16561025109372 12.2150073916574 1.34527358196601
4.17389750717436 12.2249591639093 1.45154586682204
4.18184636218997 12.2240720839476 1.56139950194263
4.1894416648239 12.2129668590896 1.67403410456156
4.19669309980023 12.1923777368207 1.78892247095241
4.20362328123737 12.1630292593973 1.90573882112146
4.21026040252323 12.1255774317428 2.02429895607855
4.21663400360461 12.0805884975414 2.14451455390979
4.22277272149646 12.0285373138828 2.26636032934934
4.22870323464277 11.9698145424539 2.38985152790058
4.23444989077843 11.904736764642 2.51502914039707
4.24003470472422 11.8335565884708 2.64195061983012
4.24547754126137 11.756471468369 2.77068439687329
4.25079637849657 11.673630813816 2.90130696474114
4.25600759550619 11.5851413638471 3.0339016862515
4.26112625642968 11.4910709611394 3.16855876361459
4.26616637944366 11.3914508916571 3.30537602020452
4.27114118818741 11.2862769279671 3.44446029310357
4.27606334831503 11.1755091584195 3.58592934378784
4.28094519481399 11.0590706140462 3.72991427725584
4.28579895773516 10.9368446232086 3.87656252993021
4.29063699581003 10.8086707265947 4.02604155509564
4.29547204969648 10.6743388620222 4.17854341295737
4.30031752990534 10.5335813622042 4.33429057446648
4.30518785960094 10.3860620705427 4.49354339340074
4.31009890065576 10.2313615221455 4.6566099206437
4.31506850463059 10.0689565763298 4.82385908059569
4.32011725246406 9.89819197227901 4.99573879645622
4.32526948462869 9.71823972629651 5.17280161699651
4.3305547913803 9.52803953013605 5.35574211759978
4.33601026016215 9.32620814805609 5.5454535739011
4.3416840314451 9.11089553571778 5.74311784132281
4.34764126112525 8.87954333614283 5.95035623012393
4.35397488242116 8.6284492101718 6.16950203981253
4.36082704146914 8.35190021743301 6.40414407256012
4.3684382657845 8.04018801793385 6.6603765541518
4.37648233687386 7.7073954777876 6.92442150518873
4.38372973931693 7.40624067986688 7.15491302552512
4.39024818220941 7.13552861127145 7.35514232657495
4.39620837376533 6.88901568865279 7.53159197911444
4.40198580959964 6.65171023911626 7.69597822098533
4.40753244810725 6.4260125470964 7.84716172788243
4.41284690977684 6.21221818338244 7.98554070482616
4.41794951790898 6.00962088342568 8.11214286718817
4.4228683919971 5.8171398119625 8.2281493904255
4.42763254907889 5.63363592006028 8.33467878364031
4.4322689023719 5.45805229891352 8.43270714249325
4.43680124702827 5.28946372742855 8.52305288177915
4.44125017948668 5.12708314440506 8.60638844799493
4.4456334068787 4.9702499090077 8.6832609191341
4.44996618146886 4.81841205273578 8.75411344193331
4.45426173962257 4.67110810529817 8.81930435674672
4.458531696842 4.52795076180887 8.87912311854605
4.46278638477334 4.38861307458358 8.93380308293247
4.46703513140989 4.25281714639015 8.98353157414498
4.47128649169828 4.12032502662659 9.02845772632767
4.47554843734678 3.99093143910753 9.06869855204637
4.4798285143126 3.86445798562571 9.10434361819681
4.48413397541674 3.7407485176591 9.13545863162556
4.48847189436465 3.61966542374332 9.16208816753778
4.49284926638464 3.50108663116229 9.18425771651626
4.49727309982277 3.38490316391591 9.20197518028779
4.50175050237447 3.271017133856 9.21523191040771
4.50628876518129 3.15934006923877 9.22400335564691
4.51089544776099 3.04979150594338 9.22824936103715
4.51557846666155 2.9422977824718 9.22791414248747
4.52034619083112 2.83679099163275 9.22292594408569
4.52520754698974 2.73320805036149 9.21319636925282
4.53017213880327 2.63148985505899 9.19861936046838
4.53525038444558 2.53158049356536 9.1790697838699
4.54045367827771 2.43342648663457 9.15440155289576
4.54579458399848 2.33697603157158 9.12444519698784
4.55128706893166 2.24217821832179 9.08900474397312
4.55694679241597 2.14898218325787 9.04785373334833
4.56279146603784 2.05733615725149 9.00073010503957
4.56884131046125 1.96718635072185 8.9473296028584
4.57509727524026 1.8787826293306 8.88751950496104
4.58154677773316 1.79252805136685 8.82135092467025
4.58818719331315 1.70864040260232 8.74883858115694
4.59502252924473 1.62722778876374 8.66996513271616
4.60206132920555 1.54833481375711 8.58468677112077
4.60931539895839 1.471970197911 8.49293853414411
4.61679906507978 1.39812303571243 8.3946388060455
4.62452877608919 1.32677222957509 8.28969295728013
4.63252292416053 1.25789187630651 8.17799627002033
4.64080181141678 1.19145427607343 8.0594363528151
4.64938771438118 1.12743155662427 7.93389524543396
4.65830501894048 1.06579649829961 7.80125139313945
4.66758041001362 1.00652290307437 7.66138164627946
4.67724310756159 0.949585707844948 7.51416342335691
4.68732514524449 0.894960958290773 7.359477165743
4.69786169093635 0.842625710781402 7.19720920992687
4.7088914100435 0.792557901601715 7.02725520784378
4.72045687345995 0.744736206734013 6.84952423639673
4.73260501216195 0.699139906571146 6.66394375274115
4.74538761986648 0.655748765316741 6.47046557109633
4.75886190368367 0.614542932755004 6.26907305832868
4.77309107995363 0.575502875552806 6.05978976724151
4.78814500794782 0.538609345704682 5.84268974522977
4.80387693416703 0.504301212122315 5.62102184416773
4.81953377877807 0.47392329541661 5.4060651978915
4.83474611908135 0.447562399114006 5.20287167181465
4.84938668463107 0.424781303085122 5.01274846346033
4.86345263554988 0.405018170974367 4.83520235359678
4.87699424694451 0.387749752197799 4.66905890150921
4.89007811506335 0.372538720853126 4.51300595346374
4.90277034824294 0.359034864952797 4.36582085854128
4.91513000099911 0.346961784604596 4.22644459012535
4.92720733314571 0.336101477309524 4.09398895418588
4.93904414000742 0.326280876573759 3.96771836995027
4.95067483463571 0.317361193865404 3.84702481739567
4.96212768683046 0.309229823075804 3.73140357720187
4.97342597415071 0.301794294878192 3.6204323899112
4.9845889631474 0.294977781715303 3.51375451413563
4.99563271076281 0.288715746650362 3.41106533257242
5.00657070415083 0.282953427675569 3.31210190660032
5.0174143655778 0.277643931325858 3.21663487393503
5.02817344890394 0.272746772279496 3.12446216444227
5.0388563507705 0.268226741644799 3.03540410961083
5.04947035545332 0.264053019646682 2.94929961470444
5.06002182840811 0.260198471893802 2.86600314068071
5.07051637018391 0.256639085044879 2.78538230469622
5.08095893967897 0.25335350950883 2.70731595538316
5.09135395359758 0.250322685243321 2.63169261480669
5.10170536734068 0.24752953277012 2.55840920570283
5.11201674132494 0.244958695907801 2.48737000244931
5.12229129578943 0.242596325922716 2.41848575897487
5.13253195644188 0.240429899158937 2.35167297779431
5.14274139276324 0.238448061964992 2.28685329255943
5.15292205038512 0.236640498056783 2.22395294267399
5.16307617864839 0.2349978144599 2.16290232317059
5.17320585421687 0.233511442944482 2.10363559658348
5.18331300144107 0.232173554461946 2.04609035625844
5.19339941002805 0.230976984558584 1.99020733263045
5.20346675046615 0.229915168108088 1.93593013562442
5.21351658756932 0.228982081996577 1.88320502760738
5.22355039243937 0.228172194627167 1.83198072232578
5.23356955309264 0.227480421299311 1.78220820606099
5.24357538395504 0.226902084671004 1.7338405778768
5.25356913439685 0.226432879636808 1.68683290634936
5.26355199645079 0.22606884205733 1.64114210058929
5.27352511183581 0.225806320860692 1.5967267937087
5.28348957839058 0.225641953107101 1.55354723716701
5.2934464560065 0.225572641666631 1.51156520466255
5.30339677213792 0.225595535209857 1.47074390442967
5.3133415269576 0.22570801025281 1.43104789896283
5.32328169821708 0.225907655033199 1.39244303132396
5.33321824586529 0.226192255025021 1.35489635730359
5.3431521164731 0.226559779924604 1.3183760828024
5.35308424750693 0.227008371963309 1.28285150588181
5.36301557149118 0.227536335421399 1.24829296300177
5.37294702009597 0.228142127234256 1.21467177902369
5.38287952818463 0.228824348596722 1.18196022060764
5.39281403785341 0.229581737484147 1.15013145267709
5.40275150249458 0.230413162020084 1.11915949766237
5.41269289091315 0.231317614630607 1.08901919726744
5.42263919152701 0.232294206934317 1.05968617653294
5.4325914166798 0.233342165325243 1.03113680999376
5.44255060709612 0.234460827213339 1.00334818975129
5.45251783650904 0.235649637894147 0.976298095299694
5.46249421649036 0.236908148025619 0.94996496496267
5.47253387640941 0.238243247685794 0.924193894481745
5.48268252223817 0.239662151778227 0.898866266551204
5.4929705969944 0.241171082680204 0.873912434479661
5.50341947587377 0.242775732330664 0.849291616435453
5.51404516427507 0.244481572089773 0.824980203754394
5.52486054201479 0.246294066788567 0.800964868807574
5.53587674276153 0.248218827993174 0.77723846873364
5.54710401233615 0.250261728996533 0.753797599392127
5.55855225080162 0.252428996371784 0.730641131180305
5.57023136231596 0.25472728806054 0.707769331836882
5.58215148847976 0.257163764845793 0.685183341128538
5.5943231717778 0.25974616005097 0.662884856805891
5.60675747798475 0.262482851034654 0.640875947516951
5.61946609557388 0.265382935274946 0.619158942060851
5.63246142354911 0.268456313403972 0.597736364580281
5.64575665509014 0.271713781362595 0.576610897435193
5.65936586196995 0.275167133835507 0.555785360799976
5.67330408326869 0.278829281260628 0.535262702414562
5.6875874210982 0.282714382965513 0.51504599355775
5.70223314564255 0.286837999362103 0.495138428896541
5.71725981167537 0.291217266636 0.475543328818291
5.73268738875557 0.295871098013684 0.456264143425526
5.74853740748402 0.300820416507404 0.437304457718402
5.7648331245048 0.30608842506078 0.418667997698218
5.78159970934919 0.311700921300351 0.400358637252156
5.79886445675667 0.317686665708741 0.382380405757485
5.816657028781 0.324077814066128 0.364737496392707
5.83500973182831 0.330910427581173 0.347434275175591
5.85395783481548 0.338225077414915 0.330475290770951
5.8735399359332 0.346067564512538 0.313865285129003
5.89379838711572 0.354489781098114 0.297609205030971
5.91477978735038 0.363550747265916 0.281712214634433
5.93653555852372 0.373317865383029 0.26617970912831
5.9591226207591 0.383868447286717 0.251017329627959
5.98260418836983 0.39529158561904 0.236230979466521
6.00705071292676 0.40769046265605 0.221826842071867
6.03254100692509 0.421185219907088 0.207811400663
6.05916359069079 0.435916552846561 0.194191460061009
6.08701831727764 0.452050252201699 0.180974170996313
6.11621834627965 0.469782993423359 0.168167057419671
6.14689255930949 0.489349790164504 0.155778047511348
6.17918853967439 0.511033692468274 0.143815509367397
6.2132139474416 0.535133111868278 0.132308339569606
6.24799883175016 0.561161692004962 0.121600984240343
6.28287505610087 0.588738148361181 0.111838734304858
6.31740757518871 0.617573464634821 0.103043959681861
6.35132775969567 0.647452534040943 0.0951719836559278
6.38448029033039 0.678216635720526 0.0881467033919479
6.41678453753593 0.709748877388944 0.0818813178441382
6.44820784392697 0.741962890270146 0.0762894634774872
6.47874759275173 0.774794374836167 0.0712906318800932
6.50841941263183 0.808194920097851 0.0668123668433835
6.53724953385125 0.842127547655763 0.0627907438532219
6.56526989906781 0.876563526169869 0.0591699960731039
6.59251507831031 0.911480104509846 0.0559017654061228
6.619020355208 0.946858901443803 0.0529442334733111
6.64482056798254 0.98268476102683 0.0502612611301035
6.66994943344442 1.01894493685292 0.0478215957696101
6.6945611197742 1.05581478773494 0.0455874863393712
6.71884975445738 1.09356448142449 0.0435240426191193
6.74293531579927 1.13238471617583 0.0416080493958745
6.76689270805869 1.17241670330101 0.0398231584088947
6.79076901999053 1.21377063781125 0.0381571923761376
6.81459400576415 1.25653734687689 0.036600594428658
6.83838654789959 1.3007957582002 0.0351455190680503
6.86215868305252 1.34661774659507 0.0337852905827995
6.88591812649188 1.3940713100204 0.0325140752980679
6.90966986222889 1.44322267021498 0.0313266797398804
6.93341714772306 1.49413767666695 0.0302184236882723
6.95716215017325 1.54688275771503 0.0291850582268899
6.98090635029911 1.60152557693236 0.0282227111671792
7.00465079911721 1.65813549793023 0.0273278494164213
7.0283962816726 1.71678392510208 0.0264972521008696
7.05214342185279 1.77754456465616 0.0257279907704487
7.07589274990268 1.84049363516431 0.025017414510194
7.09964474635501 1.90571004697468 0.024363138682193
7.12339987109087 1.97327556338137 0.0237630365657392
7.14715858307926 2.0432749522344 0.0232152334981905
7.17092135434127 2.11579613394135 0.022718103331191
7.19468868041669 2.19093033005407 0.0222702671582918
7.21846108881086 2.26877221552466 0.0218705943719149
7.2422391463967 2.34942007703932 0.021518206189326
7.26602346643308 2.43297597946088 0.0212124818611078
7.28981471566956 2.51954594224144 0.0209530678499017
7.31361362189403 2.60924012765244 0.0207398903481553
7.33742098221943 2.702173042789 0.0205731715966589
7.36123767238035 2.79846375752246 0.0204534505760446
7.38506465731068 2.8982361408989 0.0203816087770088
7.40890300329449 3.00161911891619 0.0203589019187332
7.43275389202082 3.10874695717737 0.0203869986874713
7.45661863692933 3.21975957263713 0.020468027819569
7.48049870230937 3.33480287957002 0.0206046351696402
7.50439572571313 3.45402917604372 0.0208000528040275
7.52831154436959 3.57759757864677 0.0210581826669916
7.55224822644712 3.70567451509115 0.0213836980156274
7.57620810821939 3.83843428670855 0.0217821666542515
7.60019383845563 3.97605971595619 0.0222602010811103
7.62420843170161 4.11874289807277 0.0228256420736998
7.64825533256875 4.26668608129606 0.0234877841002958
7.67233849374336 4.42010270701489 0.0242576534178633
7.6964624712182 4.57921865050265 0.025148353032179
7.72063254131056 4.74427371535795 0.0261754931878975
7.74485484547364 4.91552345174545 0.0273577322096674
7.76913657089215 5.09324139187109 0.0287174610477816
7.79348617761852 5.27772182864621 0.0302816768715127
7.81791368691838 5.46928330944602 0.0320831081498678
7.84243105111911 5.66827308281652 0.0341616784364756
7.86705263349084 5.87507283228808 0.0365664326349025
7.89179583899224 6.09010617484506 0.0393581045598991
7.9166819555117 6.31384861981535 0.0426125893563686
7.94173729469516 6.54684102434243 0.0464257181821339
7.96699476897544 6.78970812778038 0.0509199501348588
7.992496120647 7.04318465255786 0.0562539619629376
8.01829515604857 7.30815301672827 0.0626367541926609
8.04446258639639 7.58569950462253 0.0703490569230412
8.07109355118682 7.87720105066593 0.0797770595894881
8.09831986543341 8.1844655114613 0.0914680855168077
8.12633115778224 8.50997171992699 0.106228032156631
8.15541424292424 8.85731217735053 0.125305416655505
8.18603447854876 9.23209738055458 0.150776946541809
8.21903129962772 9.64410166656378 0.186486325343279
8.25567203110811 10.1068493018859 0.240017245514783
8.29223578067079 10.5662344365198 0.314039869137066
8.32603364756332 10.9781681636209 0.408572570046357
8.35147041756056 11.2715875669648 0.502356343180311
8.37198661784807 11.4917763674738 0.596472467461965
8.38839058609158 11.6533624402679 0.686294449617733
8.40312052251208 11.7845123539179 0.780049179109451
8.41620470556152 11.8876053732539 0.875305669307024
8.42788655650496 11.9671168344851 0.971129490668088
8.43844329468988 12.0272915057607 1.0674653848818
8.44810450434749 12.0714108175637 1.1645362373045
8.45745800572876 12.1030219166691 1.26735223358121
8.46594916550336 12.1213446733723 1.36878812274852
8.47416997511154 12.1288216405852 1.47486698655073
8.4820642699192 12.1257421676473 1.58447558131937
8.48961692718893 12.1127041211349 1.69683932375294
8.49683678140416 12.0904084818227 1.81144836437299
8.50374523235118 12.0595449307219 1.92798755929871
8.5103691950133 12.0207372893854 2.04627856495404
8.51673702054953 11.9745238550095 2.16623580604659
8.5228763118775 11.9213559214041 2.2878349014035
8.52881288443371 11.8616044875482 2.41109104145411
8.53457038647824 11.7955696819174 2.5360447835262
8.540170279492 11.723490171576 2.66275313305005
8.54563200130929 11.645551357611 2.79128427961258
8.5509732110505 11.5618919528975 2.9217148130672
8.55621006120434 11.4726089114798 3.05412861127903
8.56135746952767 11.3777608247148 3.18861686674616
8.56642937921543 11.2773699284163 3.32527891987952
8.57143900477562 11.1714228370846 3.46422371125098
8.57639906617017 11.059870065417 3.60557177124549
8.58132201687307 10.9426243259023 3.74945774817356
8.5862202737074 10.8195575063009 3.89603354763401
8.59110645844297 10.690496127005 4.04547222832185
8.59599366381157 10.5552149439175 4.19797288478274
8.60089576050992 10.4134281774371 4.35376686119862
8.6058277678303 10.264777578927 4.51312580452976
8.61080632024402 10.1088161359151 4.67637231634816
8.61585027807505 9.9449855663585 4.84389436293899
8.62098155694382 9.77258467741284 5.01616526679456
8.62622629678569 9.59072381318599 5.19377224868923
8.63161657492288 9.3982572754007 5.37745856293539
8.63719302767938 9.19367923216807 5.5681882301969
8.64300907154337 8.97495565951949 5.76725045981125
8.64913813756873 8.73923619077647 5.9764387785042
8.65568710870339 8.48231935983338 6.19838403593161
8.66282417366807 8.19754572338828 6.4372457979842
8.67084671177857 7.87310420058998 6.70040296187408
8.67855437679422 7.55881236127255 6.94632022713072
8.68555632467388 7.27254187076768 7.16255603751998
8.69191785234605 7.01290581601154 7.35215812253395
8.69806321481606 6.7633727246555 7.52837029589698
8.70392750955598 6.52714406413771 7.68957663904445
8.70950872429232 6.30462437166485 7.83624265708823
8.71483320675903 6.09491594054852 7.96966331473604
8.71993677557561 5.8966592388005 8.09131811986406
8.724855686305 5.70844420491763 8.20258937886511
8.72962292931269 5.52898380736666 8.30466575863167
8.73426713993051 5.35716911548877 8.39852978800511
8.73881267110842 5.19207077200651 8.48497824496389
8.74328011095605 5.03291943262514 8.56465187882415
8.74768691247359 4.87908044544119 8.63806460026679
8.75204799421506 4.7300293436356 8.70562865076359
8.75637626163175 4.58533055550796 8.76767504364278
8.7606830397838 4.44461984649738 8.82446966031888
8.76497842486644 4.3075902270105 8.87622572002913
8.76927156749373 4.17398079809578 8.92311336018085
8.7735709012273 4.04356797467251 8.96526696816778
8.77788432844331 3.91615858445852 9.00279078177951
8.7822193736865 3.79158442595623 9.03576315901759
8.78658331276592 3.66969795322942 9.06423982054782
8.79098328422905 3.55036882839053 9.08825629046146
8.79542638856687 3.43348114224137 9.10782970102279
8.7999197795384 3.31893115019226 9.12296008116392
8.80447075132281 3.20662540638288 9.133631213266
8.80908682477323 3.09647920597576 9.13981111532961
8.81377583582933 2.98841526579481 9.14145218359519
8.81854602912943 2.88236258839903 9.13849101207714
8.82340616004632 2.77825546551984 9.13084788867739
8.82836560877097 2.67603258443921 9.11842595106779
8.8334345107228 2.57563620596018 9.10110996789757
8.83862390854194 2.47701138549709 9.07876469044491
8.8439459323246 2.38010520964633 9.05123269453216
8.84941401676406 2.28486601931311 9.0183315995774
8.85504316671342 2.19124258671453 8.97985050704942
8.86085028679305 2.09918320662845 8.93554543830187
8.86685459665925 2.00863465081587 8.88513346241221
8.87307460010041 1.91959048224877 8.82831896917494
8.8794920666858 1.83255938192511 8.7651705663798
8.88610064731371 1.7478223705738 8.69572026750111
8.89290186318364 1.66552439219568 8.61996635614159
8.89990253916718 1.58573091079237 8.53787866958489
8.90711321872971 1.50846202661953 8.44940410134005
8.91454722157555 1.4337126830439 8.35447144906292
8.92222011505509 1.36146446072478 8.25299540039433
8.93014945115707 1.29169235832189 8.14487974128872
8.93835467574837 1.22436861711153 8.03001997379167
8.94685715248174 1.15946481799121 7.90830554662219
8.95568026661404 1.09695297770657 7.77962188559436
8.96484958838592 1.03680607143068 7.64385238710092
8.97439308466198 0.978998231346415 7.50088051732888
8.98434137319732 0.923504766504369 7.35059214634089
8.99472801741852 0.870302088244628 7.19287824027191
9.00558986173591 0.819367590119591 7.02763803606933
9.01696740856424 0.770679511005053 6.85478283046486
9.02890523862477 0.724216798727356 6.67424052714517
9.04145247576987 0.679958985423803 6.48596110225213
9.0546632964042 0.637886082864541 6.2899231670513
9.06859748132195 0.597978504857393 6.08614182604328
9.0833210040139 0.560217023903938 5.8746780462851
9.09890664357962 0.524582770027057 5.65564976517658
9.11470012608735 0.492456401018462 5.4391641396931
9.13017722257739 0.464379895201993 5.23265254022399
9.14511930074014 0.440089043828289 5.03877447524369
9.15947869857184 0.41905392882355 4.85766515879315
9.1732876008804 0.400728890160015 4.68838028986662
9.18660789254456 0.384640038907408 4.52964890277996
9.19950691786881 0.370401852877716 4.38021187726099
9.21204718062479 0.357708435377159 4.23894912676852
9.22428286984806 0.346318517074905 4.1049098033523
9.23625946119493 0.336041095844075 3.97730272540331
9.24801454787189 0.326723645282859 3.85547356183003
9.25957904192258 0.318243010539286 3.73888018703104
9.27097837361839 0.310498561854843 3.62707056033733
9.28223354805983 0.303407094300291 3.51966435238258
9.2933620231269 0.296899029239776 3.41633825450409
9.30437841706939 0.290915570761071 3.31681445680493
9.31529506968567 0.28540655918727 3.22085169000624
9.32612248397476 0.280328834158398 3.12823827652464
9.3368696729025 0.275644972239077 3.03878672979749
9.34754443200054 0.271322301999766 2.95232953695896
9.35815355445377 0.267332126645291 2.8687158436246
9.36870300173007 0.263649103527121 2.78780882717143
9.37919803983525 0.260250743551809 2.70948359745784
9.38964334891955 0.257117003239026 2.63362550386661
9.40004311213649 0.254229949160211 2.56012875752189
9.41040108825823 0.251573479523394 2.488895299869
9.42072067149315 0.2491330913332 2.41983386541633
9.43100494115052 0.246895684245492 2.35285919879648
9.44125670319272 0.244849394231185 2.28789139552237
9.45147852525864 0.242983451657912 2.22485534272062
9.46167276639483 0.241288059528431 2.16368024132768
9.47184160246751 0.239754288477931 2.10429919517897
9.48198704802596 0.238373985798096 2.04664885543343
9.49211097523288 0.237139696273901 1.99066911109264
9.50221513035629 0.236044593025875 1.93630281816992
9.51230114822427 0.23508241687259 1.88349556146714
9.5223705649695 0.234247422985135 1.83219544402143
9.53242482933307 0.233534333811869 1.78235290015941
9.54246531275024 0.232938297419057 1.73392052879569
9.55249331840417 0.232454850529223 1.68685294417514
9.56251008940384 0.232079885650873 1.64110664171368
9.57251681621823 0.231809621785421 1.59663987696341
9.58251464347956 0.231640578273628 1.55341255603207
9.59250467625204 0.231569551407675 1.51138613603771
9.60248798585006 0.231593593488433 1.47052353438698
9.61246561527855 0.231709994052576 1.43078904583872
9.62243858435988 0.231916263032291 1.39214826645947
9.63240789460403 0.232210115642816 1.35456802369906
9.64237453387324 0.232589458820736 1.31801631191749
9.65233948088719 0.233052379059825 1.28246223278152
9.6623037096109 0.233597131511747 1.24787594002335
9.67226819356452 0.234222130236808 1.21422858811743
9.68223391009136 0.234925939505504 1.18149228448573
9.69220184461893 0.235707266065286 1.14964004488821
9.702172994946 0.236564952299036 1.1186457516963
9.71214837558782 0.237497970212506 1.08848411478124
9.72212902221114 0.238505416197595 1.05913063478032
9.73211599619014 0.239586506527069 1.03056156852996
9.74211038931479 0.240740573544293 1.00275389647793
9.75211332868332 0.241967062518897 0.975685291907303
9.76212598181121 0.243265529146142 0.949334091822612
9.77220029843167 0.24464276204731 0.923551343290934
9.78238291268296 0.246106281336299 0.898216064672152
9.79270484255388 0.2476625586293 0.873257225009756
9.80318783033533 0.249317503211928 0.848633221933107
9.81384812470982 0.251076787642779 0.824319956089756
9.82469877487477 0.252946072419607 0.800303804250056
9.83575104013974 0.254931166648352 0.776577444125169
9.84701526670002 0.257038148424021 0.753137361651118
9.85850144117769 0.259273460528904 0.729982359043967
9.87021954767416 0.261643991931351 0.707112661035218
9.88217980573675 0.264157152280025 0.684529379654447
9.89439283685811 0.266820944475588 0.662234194262487
9.90686978900559 0.269644039063644 0.640229160924626
9.91962243760847 0.272635853376831 0.61851659955147
9.93266327466709 0.275806637897537 0.597099027834207
9.94600559352942 0.279167572111662 0.575979123374617
9.95966357439659 0.282730872112367 0.555159702847155
9.97365237415176 0.286509912352168 0.534643711501015
9.98798822327913 0.290519364212331 0.514434218997389
10.002688532221 0.294775354455042 0.49453441919223
10.017772009373 0.299295647152847 0.474947632445626
10.0332587929575 0.304099853368537 0.455677309622725
10.049170599201 0.309209673715064 0.4367270373027
10.065530889547 0.3146491799992 0.418100543924733
10.082365060058 0.320445143499295 0.39980170672922
10.0997006567103 0.326627419119782 0.381834559432153
10.1175676209697 0.333229396800617 0.364203300621107
10.1359985708958 0.340288534268436 0.346912302894708
10.1550291240875 0.347846988671844 0.329966122791363
10.1746982701038 0.355952369079985 0.313369511572067
10.1950488016562 0.364658637558941 0.297127426939233
10.2161278159416 0.374027194008765 0.281245045790986
10.2379873001162 0.384128189743971 0.265727778129895
10.2606848182505 0.395042127765923 0.250581282268695
10.284284321379 0.40686182497933 0.235811481505197
10.3088571077823 0.419694834913308 0.221424582477442
10.3344829678105 0.433666461215373 0.207427095462559
10.3612515569749 0.448923535778024 0.193825856955321
10.3892640534921 0.465639195965632 0.18062805496546
10.4186351731223 0.484018980701627 0.167841257622655
10.4494956366358 0.504308686775395 0.155473445901131
10.4819952159543 0.526804602533222 0.143533051615381
10.5159075800188 0.551567117186351 0.132156248683749
10.5503672695658 0.578139007232094 0.121625923498449
10.5847879321358 0.606166612994377 0.112049176541866
10.618792923616 0.635384002277933 0.103427926432367
10.6521529541208 0.665594158964832 0.0957084024485174
10.6847380471639 0.696652023453256 0.0888119161479775
10.7164832183172 0.728450785648281 0.0826524524472678
10.7473649802531 0.760911409100978 0.0771459572481489
10.777385678474 0.793974877040045 0.0722147411909054
10.8065632330364 0.827596563108736 0.0677891602193901
10.8349245119926 0.86174219259639 0.0638078587717507
10.8625011036317 0.896384964693558 0.060217309684125
10.8893266555392 0.931503508983845 0.0569710551660663
10.9154352288318 0.967080435374638 0.054028862851674
10.9408603057656 1.00310130355942 0.0513559039104862
10.9656615146346 1.0395948602534 0.0489194142926386
10.9900742953529 1.07687359940407 0.0466755443413451
11.0142433993135 1.11515427326261 0.0445957497601088
11.0382588851408 1.15459433117695 0.0426603706502624
11.0621772357888 1.19531410644197 0.0408550760622293
11.0860340808214 1.23741069385496 0.0391688375748816
11.1098519997743 1.28096679563108 0.0375927495798413
11.1336453657851 1.32605643705208 0.0361193307239322
11.1574233758441 1.37274869841815 0.0347421037696368
11.1811919565286 1.42111017448558 0.0334553386879469
11.2049549668295 1.47120661129638 0.0322538924611667
11.2287149593176 1.52310400886001 0.0311331067526084
11.2524736628539 1.5768693763098 0.0300887405949584
11.2762322893588 1.63257126101297 0.0291169245917909
11.2999917292586 1.69028013105298 0.0282141286246491
11.3237526764503 1.75006866318486 0.0273771383115619
11.3475157086344 1.81201197055695 0.0266030373975147
11.3712813394127 1.87618779286179 0.0258891944141786
11.3950500525576 1.94267666398045 0.0252332526433752
11.41882232508 2.01156206722504 0.0246331228445385
11.442598643321 2.08293058505956 0.0240869784726167
11.4663795147795 2.15687204809754 0.0235932532861813
11.490165477427 2.23347968685108 0.0231506413661411
11.5139571076598 2.3128502888887 0.0227580996579052
11.53775502766 2.39508436358535 0.0224148532294648
11.5615599127038 2.48028631641396 0.0221204035148141
11.5853724988184 2.56856463466729 0.0218745398936611
11.6091935911099 2.66003208657419 0.0216773550504073
11.6330240730475 2.75480593596405 0.021529264663413
11.6568649169826 2.85300817493193 0.021431032105461
11.6807171961989 2.95476577736795 0.0213837989948981
11.7045820988199 3.06021097675206 0.021389122632494
11.7284609439558 3.16948157230376 0.021449021602213
11.7523552005434 3.2827212684491 0.021566031118489
11.7762665094246 3.40008005367333 0.0217432700861559
11.8001967093326 3.52171462623079 0.0219845223255561
11.8241478676087 3.64778887597206 0.0222943350361314
11.8481223166724 3.77847443383855 0.0226781383694853
11.8721226975221 3.91395130352708 0.0231423910152185
11.8961520118769 4.0544085936573 0.0236947580488969
11.9202136850018 4.2000453737833 0.0243443290608531
11.9443116418259 4.35107168419225 0.0251018869304271
11.9684503997214 4.5077097382118 0.0259802407497249
11.9926351823193 4.67019536753439 0.02699464064503
12.0168720601138 4.83877977705893 0.0281632980445704
12.0411681254867 5.01373169769622 0.0295080429646705
12.0655317124031 5.19534005608371 0.0310551611306754
12.0899726747201 5.38391732312973 0.0328364697363884
12.1145027423438 5.57980376479581 0.0348907137417775
12.1391359821934 5.78337290801557 0.0372653985689438
12.1638894024211 5.99503866739671 0.0400192259843519
12.1887837558252 6.21526477952697 0.0432253780322919
12.2138446256645 6.44457750404696 0.0469760165954876
12.2391039208407 6.68358304913106 0.0513885645333418
12.2646019799034 6.93299200008858 0.0566146655411478
12.290390607981 7.19365443260001 0.0628532937456952
12.3165375945305 7.46661189359317 0.0703705224696836
12.3431336827152 7.75317712578429 0.0795304393844883
12.3703038112394 8.05506177272363 0.0908457015409021
12.3982262925141 8.37459243764893 0.105064977005536
12.4271679900341 8.71510314311622 0.123335564572174
12.4575554735674 9.08172032490926 0.147536859965634
12.490140642963 9.48316719923077 0.181066730810733
12.52648259522 9.93694293833902 0.231155239810601
12.5633425107897 10.3964805723958 0.301202767579352
12.5978250163234 10.815692758984 0.391715263293354
12.6241066651392 11.119795345269 0.482961343956445
12.6453783343639 11.3499857125893 0.575298649994681
12.663386449553 11.5292384536897 0.669515292253987
12.6781625844251 11.662569580356 0.759901931366383
12.691523405115 11.7700525654666 0.85342048053469
12.7035228530823 11.8540945728409 0.948225236201751
12.7143753170922 11.9183694334709 1.04380794792626
12.7242962682971 11.9660992237603 1.14019381087954
12.7338956437929 12.0010817021858 1.24239820781422
12.742589903281 12.0223128473058 1.34314648786007
12.7510006571184 12.0325123245194 1.44855601663946
12.7590694448978 12.0319601055891 1.55749223722442
12.7667809737091 12.021267786592 1.66916545110442
12.7741450559522 12.0011599586962 1.78305644149175
12.7811845745068 11.9723521074072 1.89884511274842
12.7879280558324 11.935492260051 2.01635114984354
12.7944053937948 11.8911398536686 2.13548879140931
12.8006455772662 11.8397640086128 2.25623438540082
12.8066756238062 11.7817505427239 2.37860418742547
12.8125202038991 11.7174118948792 2.50263979759183
12.8182016390724 11.6469970533487 2.62839903467989
12.8237400872394 11.5707002188098 2.75595056122425
12.8291538096775 11.4886677775843 2.88537104482714
12.8344594629164 11.4010035574169 3.01674402020562
12.8396723874914 11.3077724932014 3.15015990144317
12.8448068819675 11.2090028617069 3.28571680063579
12.8498764599059 11.104687216058 3.42352195738459
12.8548940926557 10.9947820940398 3.56369369161729
12.8598724439253 10.8792065024767 3.70636387533989
12.8648241042223 10.7578390954954 3.85168098995612
12.8697618352642 10.6305138627158 3.99981390628669
12.8746988369962 10.497014013261 4.15095660631944
12.8796490535797 10.3570635638642 4.30533417373786
12.8846275405121 10.2103158827662 4.4632105355233
12.8896509243073 10.0563380523042 4.62489867315235
12.8947380012726 9.89458929891702 4.79077439711796
12.8999105472179 9.72439072965033 4.96129539803641
12.9051944537272 9.54488188402097 5.13702835277562
12.91062138567 9.35495650450886 5.3186887808383
12.9162313048637 9.15316404633697 5.50720198535936
12.9220765089815 8.93755156063077 5.70380078382823
12.9282285014944 8.70539457004453 5.91019190888167
12.9347906258856 8.45270250321402 6.12886229113878
12.941923892555 8.17320912918754 6.36370611944582
12.9499085899581 7.85596782421218 6.6215253839816
12.9580945577669 7.52778892019613 6.87856492236813
12.9653260246562 7.23696193981533 7.09812182048485
12.971814907624 6.97640258553498 7.28813725121576
12.9780636250285 6.72674433439827 7.46409486584559
12.9840132325147 6.49091322497327 7.6246346148676
12.9896669393958 6.26910370563447 7.77040475616797
12.9950550186648 6.06027732743253 7.90281592700016
13.0002160498226 5.86298697640616 8.02341566371132
13.0051881787598 5.67577068126238 8.13362413491542
13.0100056830968 5.49731185949184 8.23464992487576
13.0146980815685 5.32648549727301 8.32748522114723
13.0192903437221 5.1623540481268 8.41293078037037
13.0238034985153 5.00414449607226 8.49162829253754
13.02825532372 4.85122103213446 8.56409106159247
13.0326609855932 4.70305937718207 8.63072999820209
13.0370335858274 4.5592248187415 8.69187450386429
13.0413846112288 4.41935427253162 8.74778879628093
13.0457242966423 4.28314198070092 8.79868448961776
13.0500619160401 4.15032824661989 8.84473022077822
13.0544060165335 4.02069060343839 8.88605899286645
13.0587646082242 3.89403688968697 8.92277376974311
13.0631453205818 3.77019980084416 8.95495173157686
13.0675555339599 3.6490325763038 8.98264749936598
13.0720024931311 3.5304055579587 9.00589555640842
13.0764934083651 3.41420341822848 9.0247120333387
13.0810355485676 3.30032290323826 9.03909597666708
13.0856363302922 3.18867097332631 9.04903018508968
13.0903034059939 3.07916325046854 9.05448167011777
13.0950447546746 2.97172270258982 9.05540177531274
13.0998687780636 2.86627850971941 9.05172596959583
13.1047844056796 2.76276506778708 9.04337331303913
13.1098012125471 2.66112109345671 9.03024557670985
13.1149295540412 2.56128879837728 9.01222598000688
13.120180723374 2.46321310397013 8.98917748777528
13.1255671387313 2.36684086850703 8.96094058314806
13.1311025692024 2.27212009666417 8.92733039759771
13.1368024116985 2.17899909756622 8.88813303281079
13.1426840354469 2.08742554976113 8.84310084328044
13.1487672170968 1.99734541917061 8.79194635386844
13.1550649510913 1.90883479450697 8.73442702094373
13.1615602335983 1.82237159434607 8.67061157729931
13.1682475626494 1.73821809164827 8.60053188862038
13.1751290573707 1.65650799922586 8.52418644901541
13.1822119834653 1.57730012642272 8.44154591029256
13.1895072295492 1.5006106578853 8.35255864721684
13.1970284044948 1.42643224160114 8.25715559615584
13.2047913340718 1.3547451128102 8.15525421461974
13.2128138138192 1.28552347755063 8.04676167058675
13.2211155281847 1.21873910395323 7.93157745751999
13.2297180804947 1.15436328332843 7.80959564033668
13.2386451003096 1.09236784807724 7.68070691844447
13.2479224085823 1.03272564994423 7.54480066729273
13.2575782297241 0.975410734359885 7.40176709928564
13.2676434451015 0.920398348015141 7.25149967154298
13.278151885824 0.867664859241255 7.09389786222738
13.2891406646603 0.817187637430325 6.92887043824719
13.3006505479333 0.768944918665657 6.75633934402395
13.3127263684813 0.72291567406665 6.57624435253593
13.3254174802561 0.679079491646957 6.38854863478959
13.3387782537309 0.637416479725815 6.19324542075911
13.3528686087486 0.597907198945103 5.99036594169266
13.3677545773082 0.56053263003237 5.77998885763008
13.3835088824122 0.525274185174973 5.56225138069692
13.3993548539519 0.493711610658328 5.34873187396474
13.4148258469966 0.466204914155333 5.14585579579458
13.4297391184613 0.442417327732364 4.95570766896539
13.4440656198967 0.421803095752712 4.77815764624722
13.4578457958418 0.403823233870056 4.61216833731697
13.471144414821 0.388016810276205 4.456457301067
13.4840291921588 0.37401119065762 4.30978712383925
13.4965619676744 0.361511342516234 4.17106945695684
13.5087959398841 0.350284584653221 4.03938522123662
13.5207755817338 0.340146528234966 3.9139713292612
13.5325375942653 0.330949697671863 3.79419697522532
13.5441121419923 0.322574800404259 3.67953923888093
13.5555240482811 0.314924179336539 3.56956159633768
13.5667938338508 0.30791693901236 3.46389623358262
13.5779385734287 0.301485314549442 3.36222997342474
13.5889725834041 0.295571950766111 3.26429326556646
13.5999079660059 0.290127845475777 3.1698516360992
13.610755037127 0.285110778512164 3.07869905624232
13.6215226621405 0.280484098103297 2.99065278654417
13.6322185199557 0.276215772334641 2.9055493475192
13.6428493114946 0.272277639192398 2.82324134871245
13.6534209252258 0.268644806954055 2.74359497306225
13.6639385694922 0.265295169670494 2.66648796357801
13.6744068790883 0.262209011732979 2.59180799733297
13.6848300017745 0.259368682149412 2.5194513602157
13.6952116690726 0.256758323944393 2.4493218570655
13.705555254663 0.254363647587646 2.38132990756018
13.7158638229388 0.252171739922104 2.31539178993782
13.7261401696842 0.250170901969032 2.25142900337567
13.7363868564098 0.248350510417193 2.18936772640239
13.7466062395406 0.246700898686062 2.12913835366091
13.7568004953994 0.245213254281492 2.07067509708905
13.7669716417326 0.243879529802 2.01391564045159
13.7771215563772 0.242692365452364 1.9588008383644
13.7872519935489 0.241645021313215 1.90527445266497
13.7973645981422 0.240731317925939 1.85328292032264
13.8074609183619 0.239945584000468 1.80277514813804
13.8175424169488 0.239282610253259 1.7537023303192
13.8276104812171 0.238737608544697 1.70601778569185
13.8376664320862 0.23830617561723 1.65967681184143
13.8477115322606 0.237984260843967 1.61463655392145
13.8577469936859 0.237768137487002 1.57085588621966
13.8677739843949 0.237654377039063 1.52829530486635
13.8777936348368 0.237639826284179 1.48691683031042
13.8878070437733 0.237721586765098 1.44668391838941
13.8978152838147 0.237896996389152 1.40756137898643
13.9078194066591 0.238163612941483 1.3695153014072
13.9178204480917 0.238519199306272 1.33251298572767
13.9278194327966 0.238961710223737 1.29652287946266
13.9378173790263 0.239489280434064 1.26151451898977
13.947815303173 0.240100214079595 1.22745847523532
13.9578142242808 0.240792975254199 1.19432630318988
13.9678151685367 0.241566179604131 1.1620904948742
13.9778191737764 0.242418586898182 1.13072443542143
13.9878272940385 0.243349094496989 1.10020236198071
13.9978406042025 0.244356731662053 1.07049932518145
14.0078602047422 0.245440654654718 1.04159115292678
14.0178872266277 0.246600142584158 1.01345441631082
14.0279228364119 0.247834593971523 0.986066397476624
14.0379682415317 0.249143524004913 0.959405059251775
14.0480468744364 0.250529697711321 0.933392622800322
14.0582158428545 0.252001623856964 0.907875067285313
14.0685123859787 0.253566418778162 0.88276208001526
14.0789619701834 0.255230416028788 0.858000659210624
14.0895830712017 0.256999569266531 0.83355990987278
14.1003900550905 0.258879726392934 0.809422134020898
14.1113949387269 0.260876822278128 0.78557755412974
14.1226084788025 0.262997019998061 0.762021168765755
14.1340408545008 0.26524682007091 0.738750872414172
14.1457021032832 0.267633150663492 0.715766329482758
14.1576024067588 0.270163447579835 0.693068299847993
14.1697522861139 0.272845730170287 0.670658235303539
14.1821627438289 0.275688677593087 0.648538038722838
14.1948453745369 0.278701708799407 0.626709921023757
14.2078124593976 0.281895068992009 0.60517631695779
14.2210770531847 0.285279924994667 0.583939836316512
14.2346530701534 0.288868471880364 0.563003236503854
14.2485553728778 0.292674053289679 0.542369408046423
14.2627998671697 0.296711298098488 0.522041367994378
14.2774036056096 0.300996276454786 0.502022258197047
14.2923849019664 0.30554667870015 0.482315346658531
14.3077634587522 0.310382021335595 0.462924030912665
14.3235605102883 0.315523885009184 0.443851842798499
14.339798983922 0.320996190530411 0.425102454284026
14.3565036824165 0.326825520205156 0.406679684147625
14.3737014910408 0.33304149340351 0.388587505425882
14.3914216135268 0.33967720731261 0.370830053598617
14.4096958418642 0.3467697564098 0.353411635522486
14.4285588658956 0.354360847481096 0.33633673915274
14.4480486299176 0.362497531225162 0.319610044114458
14.4682067450367 0.371233076920563 0.303236433203552
14.489078967968 0.380628023698277 0.287221004916576
14.5107157594098 0.390751451208982 0.271569087129126
14.5331729382283 0.40168252467774 0.256286252067169
14.5565124516478 0.413512385580316 0.241378332746546
14.5808032867421 0.426346480989034 0.226851441096074
14.6061225551392 0.4403074542182 0.212711988033703
14.6325567914992 0.45553875993234 0.198966705839546
14.6602035177466 0.472209223034665 0.185622673274685
14.6891731402463 0.490518839373056 0.1726873440463
14.7195912675815 0.510706228063228 0.160168579443691
14.7516015644318 0.533058306083559 0.148074686307864
14.7850932013586 0.557713841753358 0.136505217857977
14.8191893379743 0.58420733396502 0.125763985705504
14.8532930954518 0.612178222399589 0.115972250110784
14.8870192059716 0.641355294159376 0.107140636893924
14.9201316244029 0.671537650997274 0.0992202752899195
14.9524951415109 0.702577425217783 0.0921349180554148
14.9840406980065 0.734365778614121 0.0857994830601275
15 0.751034286558153 0.0827897893360069
