The integral of sqrt(x) from 0 to 1 is         0.672680881565939 (should be 2/3)
The integral of 1/sqrt(x) from 0 to 1 is       1.9995161175042 (should be 2)
The integral of 4*sqrt(1-x^2) from 0 to 1 is   3.15396075021143 (should be pi)
The integral of ln(x)/sqrt(x) from 0 to 1 is  -3.99740428719504 (should be -4)
VGL mit Plot aufgabe fehlt noch


-3.5 -0.999999338329936
-3.46875 -0.999999165859643
-3.4375 -0.999998950460199
-3.40625 -0.999998681983064
-3.375 -0.999998348017139
-3.34375 -0.999997933417615
-3.3125 -0.99999741974444
-3.28125 -0.999996784594793
-3.25 -0.99999600081158
-3.21875 -0.999995035547391
-3.1875 -0.999993849160393
-3.15625 -0.999992393915425
-3.125 -0.999990612460009
-3.09375 -0.999988436041049
-3.0625 -0.999985782423765
-3.03125 -0.99998255346979
-3 -0.999978632326396
-2.96875 -0.999973880173544
-2.9375 -0.999968132469837
-2.90625 -0.999961194632596
-2.875 -0.999952837081188
-2.84375 -0.999942789566464
-2.8125 -0.999930734702831
-2.78125 -0.999916300613216
-2.75 -0.99989905259094
-2.71875 -0.999878483676742
-2.6875 -0.999854004043727
-2.65625 -0.999824929078313
-2.625 -0.999790466041377
-2.59375 -0.999749699191123
-2.5625 -0.999701573247862
-2.53125 -0.999644875081353
-2.5 -0.999578213503831
-2.46875 -0.9994999970567
-2.4375 -0.999408409686576
-2.40625 -0.999301384217099
-2.375 -0.999176573537334
-2.34375 -0.999031319445809
-2.3125 -0.998862619111816
-2.28125 -0.998667089142848
-2.25 -0.998440927279224
-2.21875 -0.998179871774464
-2.1875 -0.997879158562926
-2.15625 -0.997533476364812
-2.125 -0.997136919932955
-2.09375 -0.996682941705704
-2.0625 -0.996164302195634
-2.03125 -0.995573019514361
-2 -0.994900318508938
-1.96875 -0.994136580064614
-1.9375 -0.993271291211214
-1.90625 -0.992292996755063
-1.875 -0.991189253244094
-1.84375 -0.989946586158969
-1.8125 -0.988550451306238
-1.78125 -0.986985201468828
-1.75 -0.985234059442533
-1.71875 -0.983279098652505
-1.6875 -0.981101232598624
-1.65625 -0.978680214420742
-1.625 -0.975994647901497
-1.59375 -0.973022011233283
-1.5625 -0.969738694864384
-1.53125 -0.966120054704901
-1.5 -0.962140481913553
-1.46875 -0.957773490399644
-1.4375 -0.952991823058686
-1.40625 -0.947767577613794
-1.375 -0.94207235275715
-1.34375 -0.935877415075883
-1.3125 -0.929153887004801
-1.28125 -0.921872955775157
-1.25 -0.914006103025385
-1.21875 -0.905525354408746
-1.1875 -0.896403548176735
-1.15625 -0.886614621339869
-1.125 -0.876133911613325
-1.09375 -0.8649384729493
-1.0625 -0.853007402046793
-1.03125 -0.840322172819552
-1 -0.842510367644053
-0.96875 -0.829086756082599
-0.9375 -0.814844439334187
-0.90625 -0.799757906733481
-0.875 -0.783803969962206
-0.84375 -0.766962019328887
-0.8125 -0.749214271549115
-0.78125 -0.730546006430576
-0.75 -0.710945789878262
-0.71875 -0.690405680677619
-0.6875 -0.668921418587575
-0.65625 -0.646492591381618
-0.625 -0.623122778613122
-0.59375 -0.598819670050111
-0.5625 -0.573595156923553
-0.53125 -0.547465394360178
-0.5 -0.520450833623745
-0.46875 -0.492576223064889
-0.4375 -0.463870576976204
-0.40625 -0.434367111862655
-0.375 -0.404103149963997
-0.34375 -0.37311999020161
-0.3125 -0.341462747062812
-0.28125 -0.309180158276875
-0.25 -0.27632436247415
-0.21875 -0.242950648348391
-0.1875 -0.209117177158133
-0.15625 -0.174884680701437
-0.125 -0.140316137175334
-0.09375 -0.105476427583058
-0.0625 -0.0704319755749729
-0.03125 -0.0352503737999481
0 0
0.03125 0.0352503737999481
0.0625 0.0704319755749729
0.09375 0.105476427583058
0.125 0.140316137175334
0.15625 0.174884680701437
0.1875 0.209117177158133
0.21875 0.242950648348391
0.25 0.27632436247415
0.28125 0.309180158276875
0.3125 0.341462747062812
0.34375 0.37311999020161
0.375 0.404103149963997
0.40625 0.434367111862655
0.4375 0.463870576976204
0.46875 0.492576223064889
0.5 0.520450833623745
0.53125 0.547465394360178
0.5625 0.573595156923553
0.59375 0.598819670050111
0.625 0.623122778613122
0.65625 0.646492591381618
0.6875 0.668921418587575
0.71875 0.690405680677619
0.75 0.710945789878262
0.78125 0.730546006430576
0.8125 0.749214271549115
0.84375 0.766962019328887
0.875 0.783803969962206
0.90625 0.799757906733481
0.9375 0.814844439334187
0.96875 0.829086756082599
1 0.842510367644053
1.03125 0.840322172819552
1.0625 0.853007402046793
1.09375 0.8649384729493
1.125 0.876133911613325
1.15625 0.886614621339869
1.1875 0.896403548176735
1.21875 0.905525354408746
1.25 0.914006103025385
1.28125 0.921872955775157
1.3125 0.929153887004801
1.34375 0.935877415075883
1.375 0.94207235275715
1.40625 0.947767577613794
1.4375 0.952991823058686
1.46875 0.957773490399644
1.5 0.962140481913553
1.53125 0.966120054704901
1.5625 0.969738694864384
1.59375 0.973022011233283
1.625 0.975994647901497
1.65625 0.978680214420742
1.6875 0.981101232598624
1.71875 0.983279098652505
1.75 0.985234059442533
1.78125 0.986985201468828
1.8125 0.988550451306238
1.84375 0.989946586158969
1.875 0.991189253244094
1.90625 0.992292996755063
1.9375 0.993271291211214
1.96875 0.994136580064614
2 0.994900318508938
2.03125 0.995573019514361
2.0625 0.996164302195634
2.09375 0.996682941705704
2.125 0.997136919932955
2.15625 0.997533476364812
2.1875 0.997879158562926
2.21875 0.998179871774464
2.25 0.998440927279224
2.28125 0.998667089142848
2.3125 0.998862619111816
2.34375 0.999031319445809
2.375 0.999176573537334
2.40625 0.999301384217099
2.4375 0.999408409686576
2.46875 0.9994999970567
2.5 0.999578213503831
2.53125 0.999644875081353
2.5625 0.999701573247862
2.59375 0.999749699191123
2.625 0.999790466041377
2.65625 0.999824929078313
2.6875 0.999854004043727
2.71875 0.999878483676742
2.75 0.99989905259094
2.78125 0.999916300613216
2.8125 0.999930734702831
2.84375 0.999942789566464
2.875 0.999952837081188
2.90625 0.999961194632596
2.9375 0.999968132469837
2.96875 0.999973880173544
3 0.999978632326396
3.03125 0.99998255346979
3.0625 0.999985782423765
3.09375 0.999988436041049
3.125 0.999990612460009
3.15625 0.999992393915425
3.1875 0.999993849160393
3.21875 0.999995035547391
3.25 0.99999600081158
3.28125 0.999996784594793
3.3125 0.99999741974444
3.34375 0.999997933417615
3.375 0.999998348017139
3.40625 0.999998681983064
3.4375 0.999998950460199
3.46875 0.999999165859643
3.5 0.999999338329936
