2 -50.1183679401034 -46.7889690884975 -41.3940380236215
3 -50.4177373923918 -48.9052548867517 -46.3967425510447
4 -50.4778690919324 -49.5827025546243 -48.1651850847061
5 -50.4913618457416 -49.8588444386766 -48.9604194633255
6 -50.4943339174994 -49.9867765333914 -49.373811737085
7 -50.4949503753439 -50.050692623651 -49.6101511722745
8 -50.4950705339116 -50.0842180964934 -49.75453966963
9 -50.4950927856186 -50.1023738639599 -49.8471252469321
10 -50.4950967463027 -50.1123943548133 -49.9086892788532
11 -50.4950974300262 -50.1179684037526 -49.9507734680323
12 -50.4950975452388 -50.1210639071733 -49.9801531277823
13 -50.4950975642777 -50.1227668256068 -50.0009896528771
14 -50.4950975673738 -50.1236893975801 -50.0159384269987
15 -50.4950975678705 -50.1241796685152 -50.0267502351246
16 -50.4950975679493 -50.1244346950951 -50.0346119986209
17 -50.4950975679614 -50.1245644755119 -50.0403470114585
18 -50.4950975679633 -50.1246291260798 -50.0445367401806
19 -50.4950975679637 -50.1246606949654 -50.0475975256563
20 -50.4950975679639 -50.1246758310247 -50.0498305528518
21 -50.4950975679638 -50.1246829696942 -50.0514554046384
22 -50.4950975679637 -50.1246862873078 -50.0526331396685
23 -50.495097567964 -50.1246878089888 -50.0534824428246
24 -50.495097567964 -50.124688498777 -50.0540910667755
25 -50.4950975679641 -50.1246888081822 -50.0545240141375
26 -50.4950975679639 -50.1246889456533 -50.054829439802
27 -50.4950975679637 -50.1246890062098 -50.0550429488384
28 -50.4950975679641 -50.1246890326772 -50.0551907594744
29 -50.4950975679635 -50.1246890441629 -50.05529205732
30 -50.4950975679639 -50.1246890491144 -50.0553607663404
