
    -0.414  -5.61e-12   7.24e-12  -4.06e-13  -4.76e-16   6.55e-10  -3.35e-10   1.08e-10  -3.25e-11   5.89e-12 
 -5.61e-12      -0.11   7.13e-11  -2.86e-12  -1.57e-15  -1.22e-18    1.3e-18      1e-09  -2.98e-10    5.2e-11 
  7.24e-12   7.13e-11       0.05    6.1e-11   8.36e-15  -1.15e-17  -6.75e-19  -1.89e-25          0  -3.62e-10 
 -4.06e-13  -2.86e-12    6.1e-11      0.274   1.86e-14   3.31e-18          0   1.24e-09  -6.03e-10   8.04e-11 
 -4.75e-16  -1.59e-15    8.3e-15   1.85e-14      0.542          0   5.33e-10   1.23e-11   1.06e-14  -2.44e-15 
  6.55e-10   5.14e-17  -4.07e-17  -1.49e-16   1.21e-17      0.832   2.99e-10   9.25e-15  -9.52e-17  -7.93e-18 
 -3.35e-10  -3.86e-17   2.69e-17   1.75e-16   5.33e-10   2.99e-10       1.12   3.99e-15  -5.95e-17  -7.47e-18 
  1.08e-10      1e-09  -4.24e-20   1.24e-09   1.23e-11   9.41e-15   3.89e-15       1.38   4.33e-17   1.66e-18 
 -3.25e-11  -2.98e-10  -3.97e-17  -6.03e-10   1.07e-14  -2.69e-16   8.02e-17   1.58e-16       1.61  -2.58e-09 
  5.89e-12    5.2e-11  -3.62e-10   8.04e-11  -2.41e-15   6.47e-17  -1.44e-17  -1.23e-16  -2.58e-09       1.79 

     0.697     -0.291      0.317     -0.332      0.311     -0.261      0.193     -0.119     0.0545    -0.0142 
     0.577    -0.0639    -0.0317      0.182     -0.337      0.434     -0.431      0.328     -0.175     0.0509 
     0.359      0.213     -0.346      0.415     -0.282    -0.0271      0.341     -0.461      0.334     -0.117 
     0.198      0.395     -0.395      0.144      0.267     -0.425      0.123      0.332     -0.454      0.211 
     0.103      0.466     -0.207     -0.277      0.393     0.0966     -0.432     0.0403      0.446      -0.32 
    0.0509      0.453     0.0844     -0.436    -0.0644      0.419      0.152     -0.379     -0.267      0.421 
    0.0246      0.388      0.339     -0.211      -0.43    -0.0953      0.345      0.377    -0.0327     -0.483 
    0.0115      0.298      0.463       0.19     -0.206     -0.424     -0.333    -0.0168      0.316      0.477 
   0.00518      0.198      0.425      0.439      0.293     0.0587     -0.182      -0.36      -0.43     -0.387 
   0.00197     0.0981       0.25      0.351      0.409       0.43      0.417      0.372      0.304      0.218 
