___________________________________________________
Solve u''=-u with the initial conditions y_0=(1,0)
0.0625 0.998026969545116 -0.0619949471667776
0.125 0.992214458465196 -0.123745258495937
0.1875 0.982585208358273 -0.18501338826294
0.25 0.969176642587156 -0.245563669292364
0.3125 0.95204072085131 -0.305163219446703
0.375 0.931243737847938 -0.363582837310822
0.4375 0.906866066802412 -0.42059788362721
0.5 0.879001848860183 -0.475989145092313
0.5625 0.847758629540525 -0.529543677192438
0.625 0.813256943656005 -0.581055622838691
0.6875 0.775629850299682 -0.630327003653818
0.75 0.735022419694012 -0.677168480869378
0.8125 0.691591173880429 -0.721400082908862
0.875 0.64550348340599 -0.762851896860854
0.9375 0.596936922332531 -0.801364721185507
1 0.54607858405391 -0.836790677147042
1.0625 0.493124360557428 -0.868993776623999
1.125 0.43827818790594 -0.897850444117024
1.1875 0.381751260846787 -0.923249990950429
1.25 0.323761219572247 -0.94509503984786
1.3125 0.264531311762968 -0.963301898253514
1.375 0.204289533140707 -0.977800878967715
1.4375 0.143267749838974 -0.988536566868484
1.5 0.0817008059698993 -0.995468030698256
1.5625 0.0198256198221776 -0.998568979106412
1.625 -0.0421197278316035 -0.997827860352757
1.6875 -0.103896909809948 -0.99324790529395
1.75 -0.165268269454936 -0.984847113493096
1.8125 -0.225997734894433 -0.972658182511566
1.875 -0.28585172711689 -0.956728380660686
1.9375 -0.344600058365723 -0.937119363708447
2 -0.402016817397882 -0.913906936251937
2.0625 -0.457881238202071 -0.887180758679045
2.125 -0.511978548836068 -0.857044000852187
2.1875 -0.564100797119402 -0.823612943851715
2.25 -0.614047650007023 -0.787016531316304
2.3125 -0.661627163571144 -0.74739587211145
2.375 -0.706656520631857 -0.704903696244222
2.4375 -0.748962733201835 -0.65970376612214
2.5 -0.788383307046121 -0.611970245425646
2.5625 -0.824766865804 -0.561887028026445
2.625 -0.857973732275786 -0.509647029537517
2.6875 -0.887876464642399 -0.455451444224077
2.75 -0.914360345559189 -0.399508970137771
2.8125 -0.937323822247008 -0.342035005458351
2.875 -0.956678895892205 -0.28325081913758
2.9375 -0.972351458862446 -0.223382699038642
3 -0.984281578446132 -0.162661080850628
3.0625 -0.992423726029103 -0.101319661131285
3.125 -0.996746950832287 -0.0395944978919633
3.1875 -0.99723499754739 0.022276897813718
3.25 -0.993886367423552 0.0840564758017034
3.3125 -0.986714322575579 0.14550656265322
3.375 -0.975746833502761 0.206390776070496
3.4375 -0.961026470025803 0.266474934174856
3.5 -0.942610236067051 0.325527956249391
3.5625 -0.920569348915215 0.383322751461635
3.625 -0.894988963829285 0.439637092148305
3.6875 -0.865967845046574 0.494254468303846
3.75 -0.833617984465906 0.546964919987211
3.8125 -0.798064169478128 0.597565844446562
3.875 -0.759443501611661 0.645862774859166
3.9375 -0.717904867849835 0.69167012769326
4 -0.673608366658675 0.734811915819711
4.0625 -0.626724690937831 0.775122424633291
4.125 -0.577434470272857 0.812446848586032
4.1875 -0.525927575023402 0.84664188568764
4.25 -0.472402384928431 0.877576287689925
4.3125 -0.417065025045853 0.905131363842927
4.375 -0.360128571969334 0.929201436289223
4.4375 -0.30181223337912 0.949694245349188
4.5 -0.24234050408599 0.966531303142912
4.5625 -0.181942301817594 0.979648194193394
4.625 -0.120850086074027 0.988994821859762
4.6875 -0.0592989634443142 0.99453559965777
4.75 0.00247421717276807 0.996249586736954
4.8125 0.0642317759616163 0.994130566998751
4.875 0.12573611668944 0.988187071556763
4.9375 0.186750640793987 0.978442344458341
5 0.247040657542665 0.964934251804991
5.0625 0.306374286761804 0.947715134626816
5.125 0.364523350663775 0.926851606082585
5.1875 0.421264251341933 0.902424293771168
5.25 0.476378830558842 0.874527528151135
5.3125 0.52965520852171 0.843268978272591
5.375 0.580888598420101 0.808769236227888
5.4375 0.629882093594587 0.771161351924999
5.5 0.67644742431059 0.730590319978325
5.5625 0.720405681228914 0.687212520695726
5.625 0.761588002792857 0.641195117316983
5.6875 0.799836223890935 0.592715411826998
5.75 0.835003483303429 0.54196016182619
5.8125 0.86695478759985 0.489124861090101
5.875 0.895567529322147 0.434412986589692
5.9375 0.920731957464579 0.378035214872544
6 0.942351598444922 0.320208610822801
6.0625 0.960343625952288 0.26115579192361
6.125 0.974639178253733 0.201104071239811
6.1875 0.985183621744051 0.140284582420141
6.25 0.991936759730147 0.0789313900870777
6.3125 0.99487298565213 0.0172805890383338
6.375 0.993981380157139 -0.0444306042732759
6.4375 0.989265751657991 -0.105964764485519
6.5 0.980744620226177 -0.167085170785985
6.5625 0.968451144886777 -0.227556717570488
6.625 0.952432994600621 -0.28714681879737
6.6875 0.932752163435586 -0.345626302559022
6.75 0.909484730643673 -0.402770292429951
6.8125 0.882720566572318 -0.45835907220191
6.875 0.852562985546748 -0.512178930680863
6.9375 0.81912834706406 -0.564022983297601
7 0.78254560683846 -0.613691967373347
7.0625 0.742955819429845 -0.660995007983347
7.125 0.700511594374045 -0.705750351474873
7.1875 0.655376507911726 -0.747786063820802
7.25 0.607724472583577 -0.786940691125481
7.3125 0.557739067121279 -0.82306387974548
7.375 0.505612829216265 -0.856016953643459
7.4375 0.451546513890849 -0.885673446758131
7.5 0.395748320328357 -0.911919588346601
7.5625 0.338433090139982 -0.934654739436486
7.625 0.279821480155651 -0.953791778713493
7.6875 0.220139112923923 -0.969257436364853
7.75 0.159615708191367 -0.980992574599342
7.8125 0.0984841987047393 -0.988952413769955
7.875 0.0369798337392438 -0.993106703234618
7.9375 -0.0246607261969438 -0.993439836303088
8 -0.0862003199981004 -0.989950908833293
8.0625 -0.147402198432348 -0.982653721257283
8.125 -0.208030934938307 -0.971576724034557
8.1875 -0.267853331243109 -0.956762906748224
8.25 -0.326639314318114 -0.938269631276244
8.3125 -0.384162821222365 -0.916168409685099
8.375 -0.440202668430758 -0.890544627705867
8.4375 -0.494543402303907 -0.86149721486193
8.5 -0.546976127429591 -0.8291382625227
8.5625 -0.597299309651127 -0.793592591357947
8.625 -0.645319550695687 -0.754997269861853
8.6875 -0.690852331425179 -0.713501085803993
8.75 -0.733722720853307 -0.669263972645359
8.8125 -0.7737660482044 -0.622456393130607
8.875 -0.810828535432093 -0.573258682432245
8.9375 -0.844767887768281 -0.52186035337785
9 -0.875453840034502 -0.468459366437054
9.0625 -0.902768656618316 -0.413261367280306
9.125 -0.926607583195707 -0.356478894845959
9.1875 -0.946879248466382 -0.29833056296535
9.25 -0.963506014361332 -0.239040218697005
9.3125 -0.976424273380389 -0.17883608061037
9.375 -0.985584691921075 -0.117949860336316
9.4375 -0.990952398667926 -0.056615870765691
9.5 -0.992507117322934 0.00492987567176974
9.5625 -0.990243243171956 0.0664505751780172
9.625 -0.984169863198072 0.127709543712151
9.6875 -0.974310719670075 0.188471127565127
9.75 -0.960704117351782 0.248501609880547
9.8125 -0.943402774694711 0.307570109634295
9.875 -0.922473619592158 0.365449469615165
9.9375 -0.897997530485956 0.421917129991256
10 -0.87006902382733 0.47675598410272


___________________________________________________
SciPy example
0.0625 3.04061101899222 -0.0308256696754343
0.125 3.03771616713655 -0.0617785167840421
0.1875 3.03288153753229 -0.0934451655474574
0.25 3.0260441052836 -0.126416316195146
0.3125 3.01710378860781 -0.161297394855696
0.375 3.00592219918166 -0.198719109683404
0.4375 2.99232073839852 -0.239347991789217
0.5 2.97607803932744 -0.283896946316251
0.5625 2.95692675492969 -0.333135760365108
0.625 2.93454969984967 -0.387901398188318
0.6875 2.90857536872151 -0.449107742424456
0.75 2.87857288260402 -0.517754188116184
0.8125 2.84404646290289 -0.594932129384815
0.875 2.80442960748009 -0.681827850915627
0.9375 2.75907925836323 -0.779719589265825
1 2.70727042032001 -0.889965493391263
1.0625 2.64819193472167 -1.01397781958624
1.125 2.58094445755322 -1.15317689638644
1.1875 2.50454215900049 -1.30891621827073
1.25 2.4179202730264 -1.48236767547868
1.3125 2.31995137470024 -1.67435394564674
1.375 2.20947409555059 -1.88511460223537
1.4375 2.08533874964512 -2.11399558467638
1.5 1.94647471936298 -2.35906151395001
1.5625 1.79198389355848 -2.61665102300542
1.625 1.62126216464745 -2.88093041335335
1.6875 1.43414605463911 -3.14355017860185
1.75 1.23107333316249 -3.39356202380718
1.8125 1.01323550964938 -3.61778484061498
1.875 0.782688963751151 -3.80177551590354
1.9375 0.542385473460649 -3.93142637109317
2 0.296088544228211 -3.99497878647818
2.0625 0.0481631983032 -3.9849933444006
2.125 -0.19673966200296 -3.89969639163953
2.1875 -0.434049828287454 -3.74325092012887
2.25 -0.65962324540244 -3.52485640849237
2.3125 -0.870001713492304 -3.25698963337334
2.375 -1.06255058903831 -2.9533412556588
2.4375 -1.23547345013468 -2.62698532676457
2.5 -1.38772999843048 -2.28910957306032
2.5625 -1.51889561372532 -1.94838150036343
2.625 -1.62899931070964 -1.61084423082846
2.6875 -1.71836735447055 -1.28016158871445
2.75 -1.78748851546602 -0.9580396824188
2.8125 -1.83690762290673 -0.644699391588412
2.875 -1.86714800660356 -0.339327416049803
2.9375 -1.87866036219539 -0.0404761355737221
3 -1.87179468962429 0.253589719477914
3.0625 -1.84679236378459 0.54458670421178
3.125 -1.80379641243159 0.83392820941598
3.1875 -1.74287921194064 1.12244467891588
3.25 -1.66408770103136 1.4100978043385
3.3125 -1.56750652502978 1.69568999121859
3.375 -1.45333890659893 1.97658825773421
3.4375 -1.32200313457392 2.24850495117774
3.5 -1.1742391286034 2.50540270634071
3.5625 -1.01121470414692 2.73960930061658
3.625 -0.834615777224081 2.94222535607669
3.6875 -0.646700621958532 3.10386851848839
3.75 -0.450298006187668 3.21571473208536
3.8125 -0.248734966954365 3.27068540621357
3.875 -0.045692710549695 3.26453141122005
3.9375 0.154994035488208 3.19653726172132
4 0.349563623866003 3.06964653351436
4.0625 0.534542020355599 2.88997378151454
4.125 0.706910970601921 2.66584823193602
4.1875 0.864208696157542 2.40664968882339
4.25 1.00455906028493 2.12170711294099
4.3125 1.12663980196599 1.81945293251929
4.375 1.22960887950203 1.50691409662642
4.4375 1.31300974323835 1.18952451234857
4.5 1.37667339688043 0.871187902140823
4.5625 1.42063003230988 0.554504808702203
4.625 1.44503792416816 0.241088466548258
4.6875 1.45013326820402 -0.0680840706753339
4.75 1.43620201930391 -0.372317940885357
4.8125 1.40357329537256 -0.670860962150754
4.875 1.35263310636103 -0.962588849801391
4.9375 1.28385655303943 -1.24572593133498
5 1.19785578871642 -1.51761873778746
5.0625 1.09543964622974 -1.77458998573282
5.125 0.977678802603966 -2.01191008821696
5.1875 0.845967892228397 -2.22392664023502
5.25 0.702073694688343 -2.40438249493761
5.3125 0.548157415605405 -2.54692486843035
5.375 0.386760307552967 -2.64576212787948
5.4375 0.220746254979364 -2.6963721936268
5.5 0.0532022969486219 -2.69612706320871
5.5625 -0.112693167715365 -2.64469396556623
5.625 -0.273817198817552 -2.54411605520392
5.6875 -0.427243212849212 -2.39855421394904
5.75 -0.570356660469776 -2.21375733628484
5.8125 -0.700932481984933 -1.99638843066953
5.875 -0.81716997209257 -1.75334890489522
5.9375 -0.917688842047899 -1.49121638462203
6 -1.00149589048432 -1.2158613357495
6.0625 -1.06793407568338 -0.932256787602761
6.125 -1.11662539528956 -0.644458467543468
6.1875 -1.1474168858992 -0.355714095566603
6.25 -1.16033632157647 -0.0686571447827598
6.3125 -1.15556155531463 0.214454401127935
6.375 -1.13340524745388 0.491485925727281
6.4375 -1.0943149816184 0.760185897644196
6.5 -1.03888732747108 1.01797935612488
6.5625 -0.967893071962557 1.26181677373469
6.625 -0.882309470314472 1.48810084360994
6.6875 -0.783353971447516 1.69271312582294
6.75 -0.672512651009816 1.87115701876405
6.8125 -0.551555933179289 2.01882048949153
6.875 -0.422534601635349 2.13134090844154
6.9375 -0.287751008469644 2.2050284961041
7 -0.149703863337469 2.23728179740641
7.0625 -0.0110095468096247 2.22691794783103
7.125 0.125692495283571 2.1743498112656
7.1875 0.257839360834662 2.08157197426512
7.25 0.383037344541814 1.95195990375924
7.3125 0.499137288511215 1.78992733505381
7.375 0.604286011183808 1.60051291135086
7.4375 0.696951867287206 1.38897180860529
7.5 0.775926820127095 1.16043385685933
7.5625 0.840310463629945 0.919664841211647
7.625 0.889482865354566 0.67094170943736
7.6875 0.923073077946208 0.418032037473419
7.75 0.940929134310693 0.164255857926308
7.8125 0.94309379307881 -0.0873969813916839
7.875 0.929788614269475 -0.33412087560979
7.9375 0.901407334601062 -0.573144768200944
8 0.858518053604384 -0.801600967504982
8.0625 0.801872436931107 -1.01643236142197
8.125 0.732418988497022 -1.21435531492952
8.1875 0.651316485814998 -1.39189157383893
8.25 0.559943039885267 -1.54547586822399
8.3125 0.459896127424843 -1.67163584015129
8.375 0.352979554318386 -1.76722794175479
8.4375 0.241174761849881 -1.8296993710373
8.5 0.126596101964485 -1.85733579492305
8.5625 0.0114323453199552 -1.84945176309236
8.625 -0.102120815692108 -1.80648800258406
8.6875 -0.211930777664733 -1.72999661703754
8.75 -0.315993575123725 -1.62251738214087
8.8125 -0.412488885114638 -1.48736942319473
8.875 -0.4998204085082 -1.32839661107265
8.9375 -0.576640106951915 -1.14970887083401
9 -0.641857252617794 -0.955455812796264
9.0625 -0.694635144903151 -0.749657034540652
9.125 -0.734379412250825 -0.536099424232996
9.1875 -0.760722047335343 -0.31829937121982
9.25 -0.773504889079928 -0.0995188677189826
9.3125 -0.77276539976555 0.117180623991688
9.375 -0.758726507668983 0.328864658076337
9.4375 -0.731791156491407 0.532650648960125
9.5 -0.692541125709639 0.725647649558983
9.5625 -0.641738728540625 0.904925251987822
9.625 -0.580329216948128 1.06752236274388
9.6875 -0.509441200315326 1.21050181752102
9.75 -0.430382207407034 1.33105047802228
9.8125 -0.34462677937485 1.42661689023777
9.875 -0.25379522341812 1.49507080155666
9.9375 -0.159622344536603 1.53486253902563
10 -0.0639169514290961 1.54515740729118
